D:\h3d\images\10246438_b19c89c536_o.jpg 3.521700e+002 4.309600e+002 4.001700e+002 4.949600e+002 1.000
D:\h3d\images\10246438_b19c89c536_o.jpg 4.333033e+002 3.890444e+002 4.947967e+002 4.710356e+002 1.281
D:\h3d\images\156214336_a4833569cc_o.jpg 2.837395e+002 3.148961e+002 6.414805e+002 7.918839e+002 7.453
D:\h3d\images\1562988233_2d1aff1012_o.jpg 2.258972e+002 6.917297e+001 3.496428e+002 2.341670e+002 2.578
D:\h3d\images\1562988233_2d1aff1012_o.jpg 1.913479e+002 3.068072e+002 3.653521e+002 5.388128e+002 3.625
D:\h3d\images\1562988591_93a20b2f78_o.jpg 3.723066e+002 2.002388e+002 4.952934e+002 3.642212e+002 2.562
D:\h3d\images\1562988591_93a20b2f78_o.jpg 1.923462e+002 2.884150e+002 3.158938e+002 4.531450e+002 2.574
D:\h3d\images\169719009_718b24a309_o.jpg 6.294646e+002 1.018328e+002 1.011675e+003 6.114472e+002 7.963
D:\h3d\images\2053356367_3093e9c2d7_o.jpg -4.318248e+001 4.764669e+001 1.020225e+002 2.412533e+002 3.025
D:\h3d\images\2053356367_3093e9c2d7_o.jpg 5.135609e+002 4.401783e+001 5.702791e+002 1.196422e+002 1.182
D:\h3d\images\2053356367_3093e9c2d7_o.jpg 3.714750e+002 5.537667e+001 3.874850e+002 7.672333e+001 0.334
D:\h3d\images\2133182079_be500f97ce_b.jpg 6.621369e+002 2.131192e+002 8.025831e+002 4.003808e+002 2.926
D:\h3d\images\21465502_9e98297a43_b.jpg 4.488186e+002 2.612414e+002 5.160614e+002 3.508986e+002 1.401
D:\h3d\images\2435125604_31c6bd2fe8_b.jpg 3.087274e+002 5.753799e+002 4.326126e+002 7.405601e+002 2.581
D:\h3d\images\2435125604_31c6bd2fe8_b.jpg 6.529200e+002 5.333700e+002 7.825200e+002 7.061700e+002 2.700
D:\h3d\images\2442879624_b12010edc1_b.jpg 4.305934e+002 2.782946e+002 6.581066e+002 5.816454e+002 4.740
D:\h3d\images\2456774726_015df0e068_b.jpg 5.168342e+002 6.185889e+002 5.677458e+002 6.864711e+002 1.061
D:\h3d\images\2456774726_015df0e068_b.jpg 5.819994e+002 6.482226e+002 6.224806e+002 7.021974e+002 0.843
D:\h3d\images\2544038974_7f2ce697b0_o.jpg 3.901514e+002 3.324719e+002 4.406086e+002 3.997481e+002 1.051
D:\h3d\images\2588661845_0d9333f93e_b.jpg 1.678755e+002 1.177401e+001 5.715645e+002 5.500260e+002 8.410
D:\h3d\images\2589496546_e619e0885f_b.jpg -1.322336e+002 9.240517e+001 5.076736e+002 9.456148e+002 13.331
D:\h3d\images\2658124687_c5d934e817_o.jpg 3.279570e+002 1.538360e+002 4.467630e+002 3.122440e+002 2.475
D:\h3d\images\2658124687_c5d934e817_o.jpg 9.434564e+001 1.554242e+002 2.389544e+002 3.482358e+002 3.013
D:\h3d\images\2658953945_dfbcd20c88_o.jpg -5.220199e+001 5.230735e+001 1.290020e+002 2.939126e+002 3.775
D:\h3d\images\2658953945_dfbcd20c88_o.jpg 1.696219e+002 5.591584e+001 3.484581e+002 2.943642e+002 3.726
D:\h3d\images\2659606093_e88e809e82_b.jpg -3.189144e+001 1.131881e+002 1.579514e+002 3.663119e+002 3.955
D:\h3d\images\2659606093_e88e809e82_b.jpg 4.566363e+002 8.901504e+001 6.595037e+002 3.595050e+002 4.226
D:\h3d\images\2659606093_e88e809e82_b.jpg 7.192227e+002 1.061436e+002 9.856173e+002 4.613364e+002 5.550
D:\h3d\images\2659606621_54163fb2f8_b.jpg 2.726421e+002 1.879862e+002 4.538779e+002 4.296338e+002 3.776
D:\h3d\images\2659781338_f2f6eb832c_o.jpg 2.669728e+002 1.791378e+001 4.652672e+002 2.823062e+002 4.131
D:\h3d\images\2659781338_f2f6eb832c_o.jpg 8.491103e+001 1.581138e+001 2.808090e+002 2.770086e+002 4.081
D:\h3d\images\2659824654_e05954dd2c_o.jpg 4.370973e+002 1.718464e+002 4.888227e+002 2.408136e+002 1.078
D:\h3d\images\2659824654_e05954dd2c_o.jpg 4.959559e+002 1.589912e+002 5.540041e+002 2.363888e+002 1.209
D:\h3d\images\2659838526_5beaa5d4db_o.jpg 1.471749e+002 1.700566e+002 2.060851e+002 2.486034e+002 1.227
D:\h3d\images\2667701406_5647aee79f_b.jpg 5.197295e+001 3.621239e+002 2.009470e+002 5.607561e+002 3.104
D:\h3d\images\2685915934_5252149518_b.jpg 1.010101e+002 4.160502e+002 2.092499e+002 5.603698e+002 2.255
D:\h3d\images\2692420732_bcc07b0662_b.jpg 6.261935e+002 8.700137e+001 8.173065e+002 3.418186e+002 3.982
D:\h3d\images\2700450447_36d7259df1_b.jpg 2.708657e+002 1.476809e+002 4.918743e+002 4.423591e+002 4.604
D:\h3d\images\2700451355_57ea3daeca_b.jpg 1.598214e+002 1.739285e+002 3.388186e+002 4.125915e+002 3.729
D:\h3d\images\2701266892_9f6a266c73_b.jpg 1.750870e+002 2.661560e+002 2.962930e+002 4.277640e+002 2.525
D:\h3d\images\2701266892_9f6a266c73_b.jpg 4.760010e+002 2.973513e+002 5.876590e+002 4.462287e+002 2.326
D:\h3d\images\2704135304_5b192df963_b.jpg 4.273434e+002 2.745479e+002 6.206366e+002 5.322721e+002 4.027
D:\h3d\images\2704135304_5b192df963_b.jpg 1.313516e+002 3.307321e+002 2.938884e+002 5.474479e+002 3.386
D:\h3d\images\2732657667_70ea716758_b.jpg 3.044905e+002 1.903540e+002 4.433695e+002 3.755260e+002 2.893
D:\h3d\images\2732657667_70ea716758_b.jpg 5.248161e+002 2.581849e+002 6.626439e+002 4.419551e+002 2.871
D:\h3d\images\2732673881_4eafd10dee_b.jpg 4.247690e+002 1.004087e+002 5.955910e+002 3.281713e+002 3.559
D:\h3d\images\2736021114_8e14577e40_b.jpg 2.044500e+002 2.138867e+002 3.844100e+002 4.538333e+002 3.749
D:\h3d\images\2737976640_c20d137ed1_b.jpg 3.082051e+001 1.611640e+002 3.873195e+002 6.364960e+002 7.427
D:\h3d\images\2753097477_d0722e2e47_b.jpg 7.547681e+002 2.536407e+002 8.532119e+002 3.848993e+002 2.051
D:\h3d\images\2753164853_95010b01b8_b.jpg 7.722660e+002 2.333847e+002 8.622740e+002 3.533953e+002 1.875
D:\h3d\images\2753164853_95010b01b8_b.jpg 1.187358e+002 1.892944e+002 2.025642e+002 3.010656e+002 1.746
D:\h3d\images\2753164853_95010b01b8_b.jpg 2.495236e+002 2.079248e+002 3.808564e+002 3.830352e+002 2.736
D:\h3d\images\2753164853_95010b01b8_b.jpg 5.922655e+002 2.359006e+002 6.852945e+002 3.599394e+002 1.938
D:\h3d\images\2753180213_fd853c870f_b.jpg 7.405883e+002 1.023944e+002 7.847117e+002 1.612256e+002 0.919
D:\h3d\images\2753885648_27481d3349_o.jpg 9.418851e+002 4.593434e+002 1.015095e+003 5.569566e+002 1.525
D:\h3d\images\2754133448_72d341f5f2_b.jpg 8.221764e+002 4.172585e+002 9.210436e+002 5.490815e+002 2.060
D:\h3d\images\2769939415_0836759299_b.jpg 5.201551e+002 3.032501e+002 6.587849e+002 4.880899e+002 2.888
D:\h3d\images\2769939415_0836759299_b.jpg 2.054302e+002 2.464269e+002 3.117098e+002 3.881331e+002 2.214
D:\h3d\images\2769939415_0836759299_b.jpg 6.395199e+002 2.709798e+002 7.612001e+002 4.332202e+002 2.535
D:\h3d\images\2769939415_0836759299_b.jpg 3.054652e+002 2.152770e+002 4.184948e+002 3.659830e+002 2.355
D:\h3d\images\2769939415_0836759299_b.jpg 7.819427e+002 2.860370e+002 8.984973e+002 4.414430e+002 2.428
D:\h3d\images\2769939415_0836759299_b.jpg 1.659990e+002 1.167286e+002 2.929610e+002 2.860114e+002 2.645
D:\h3d\images\2793350769_dac244b867_b.jpg 4.703792e+002 2.880790e+002 6.576408e+002 5.377610e+002 3.901
D:\h3d\images\2793350769_dac244b867_b.jpg 7.598939e+002 1.469285e+002 8.847861e+002 3.134515e+002 2.602
D:\h3d\images\2794213364_07aab10f12_b.jpg 3.901529e+002 2.069972e+002 5.583071e+002 4.312028e+002 3.503
D:\h3d\images\2794213364_07aab10f12_b.jpg 6.789615e+002 1.827020e+002 8.255385e+002 3.781380e+002 3.054
D:\h3d\images\2806020603_8aae04b663_b.jpg 7.787824e+001 1.035776e+002 3.996618e+002 5.326224e+002 6.704
D:\h3d\images\2806777764_119478f5f6_b.jpg 2.143963e+002 1.904450e+002 4.062837e+002 4.462950e+002 3.998
D:\h3d\images\2806777764_119478f5f6_b.jpg 4.145009e+002 2.209979e+002 5.729191e+002 4.322221e+002 3.300
D:\h3d\images\2811872490_be8233cf44_o.jpg 4.798967e+002 2.135556e+002 5.891033e+002 3.591644e+002 2.275
D:\h3d\images\2811872490_be8233cf44_o.jpg 7.033285e+002 2.089447e+002 8.591715e+002 4.167353e+002 3.247
D:\h3d\images\2812527648_3cb5a6ed8b_b.jpg 5.921852e+002 2.253003e+002 6.884548e+002 3.536597e+002 2.006
D:\h3d\images\2813078465_aa5056cd99_b.jpg 8.841744e+001 2.357766e+002 2.288226e+002 4.229834e+002 2.925
D:\h3d\images\2815306544_23b19cff37_b.jpg 3.682760e+002 1.189814e+002 4.715040e+002 2.566186e+002 2.151
D:\h3d\images\2815306544_23b19cff37_b.jpg 1.643001e+002 5.469019e+001 3.181999e+002 2.598898e+002 3.206
D:\h3d\images\2815306544_23b19cff37_b.jpg 5.576400e+002 9.306000e+001 7.040400e+002 2.882600e+002 3.050
D:\h3d\images\2825164283_300f0bf5c5_b.jpg 2.627900e+002 4.301700e+002 3.755900e+002 5.805700e+002 2.350
D:\h3d\images\2855723770_0d08ca401b_b.jpg 6.556964e+002 2.237418e+002 7.613236e+002 3.645782e+002 2.201
D:\h3d\images\2855723770_0d08ca401b_b.jpg 3.117715e+001 2.575329e+002 7.572285e+001 3.169271e+002 0.928
D:\h3d\images\2858291596_7f75325aa6_b.jpg 4.868873e+002 3.393264e+002 6.200927e+002 5.169336e+002 2.775
D:\h3d\images\2862375362_e88bd20408_b.jpg 3.658371e+002 1.932028e+002 5.812029e+002 4.803572e+002 4.487
D:\h3d\images\2870140520_77a64d5faa_b.jpg 1.645720e+002 1.179427e+002 3.827280e+002 4.088173e+002 4.545
D:\h3d\images\2887177479_ba966ac8f1_b.jpg 4.694239e+002 2.020385e+002 6.581561e+002 4.536815e+002 3.932
D:\h3d\images\2888009192_7c89bc0a45_o.jpg 5.687687e+002 2.486249e+002 6.959913e+002 4.182551e+002 2.650
D:\h3d\images\2888009192_7c89bc0a45_o.jpg 6.218257e+002 6.753757e+001 7.550743e+002 2.452024e+002 2.776
D:\h3d\images\2890715076_da79e76a76_b.jpg 4.261475e+002 3.089666e+002 5.258125e+002 4.418534e+002 2.076
D:\h3d\images\2890715076_da79e76a76_b.jpg 6.266445e+002 3.704527e+002 6.926555e+002 4.584673e+002 1.375
D:\h3d\images\2890715076_da79e76a76_b.jpg 2.320895e+002 3.154360e+002 3.138305e+002 4.244240e+002 1.703
D:\h3d\images\2895075413_eea8b835d9_b.jpg 1.711299e+002 2.241198e+002 2.928101e+002 3.863602e+002 2.535
D:\h3d\images\2895279993_faa63c62a9_b.jpg 2.796804e+002 2.173672e+002 4.241796e+002 4.100328e+002 3.010
D:\h3d\images\2895279993_faa63c62a9_b.jpg 7.992363e+001 2.095748e+002 2.396364e+002 4.225252e+002 3.327
D:\h3d\images\2895293885_2b05885b1e_b.jpg 6.414549e+002 1.359165e+002 8.767651e+002 4.496635e+002 4.902
D:\h3d\images\2895846651_a00a548690_b.jpg 6.690679e+002 2.939505e+002 8.840321e+002 5.805695e+002 4.478
D:\h3d\images\2895846651_a00a548690_b.jpg 4.410020e+002 2.952993e+002 6.183180e+002 5.317207e+002 3.694
D:\h3d\images\2895968818_d7db7fafa7_b.jpg 3.898758e+002 3.304944e+002 4.750842e+002 4.441056e+002 1.775
D:\h3d\images\2895968818_d7db7fafa7_b.jpg 5.330600e+002 3.379100e+002 6.122600e+002 4.435100e+002 1.650
D:\h3d\images\2895968818_d7db7fafa7_b.jpg 2.618668e+002 2.514090e+002 4.068732e+002 4.447510e+002 3.021
D:\h3d\images\2896004671_f419fff9f5_b.jpg 3.839620e+002 4.817260e+002 4.226980e+002 5.333740e+002 0.807
D:\h3d\images\2896004671_f419fff9f5_b.jpg 5.518781e+002 4.588141e+002 6.135819e+002 5.410859e+002 1.285
D:\h3d\images\2896004671_f419fff9f5_b.jpg 6.695570e+002 4.761927e+002 7.181830e+002 5.410273e+002 1.013
D:\h3d\images\2896044786_be6bf5cac7_b.jpg 2.130386e+002 1.908382e+002 3.584814e+002 3.847618e+002 3.030
D:\h3d\images\2896156426_87a0655119_b.jpg -2.691868e+001 1.095018e+002 1.939987e+002 4.040582e+002 4.602
D:\h3d\images\2896165685_44726fdf15_b.jpg 2.631116e+002 1.248788e+002 5.986484e+002 5.722612e+002 6.990
D:\h3d\images\2896332165_f8d8d1ce06_b.jpg 3.866619e+002 2.912725e+002 6.809581e+002 6.836675e+002 6.131
D:\h3d\images\2896332165_f8d8d1ce06_b.jpg 1.675656e+002 2.597408e+002 2.972544e+002 4.326592e+002 2.702
D:\h3d\images\2896584614_e00d989df1_b.jpg 4.310142e+002 3.107756e+002 6.019458e+002 5.386844e+002 3.561
D:\h3d\images\2896714266_6ac3d6dea7_b.jpg 1.701348e+002 1.396797e+002 5.578852e+002 6.566803e+002 8.078
D:\h3d\images\2896853942_3ef318b9d7_b.jpg 6.515057e+002 4.255476e+002 7.847543e+002 6.032124e+002 2.776
D:\h3d\images\2896853942_3ef318b9d7_b.jpg 7.957378e+002 4.417070e+002 9.577422e+002 6.577130e+002 3.375
D:\h3d\images\2897249480_60777a86f5_b.jpg 5.276801e+002 2.705668e+002 6.754799e+002 4.676332e+002 3.079
D:\h3d\images\2897326993_3eee7aec19_o.jpg 6.600815e+002 1.770520e+002 7.086185e+002 2.417680e+002 1.011
D:\h3d\images\2897455605_2251ba186e_b.jpg 3.149579e+001 3.695644e+002 3.678042e+002 8.179756e+002 7.006
D:\h3d\images\2898206695_9ea23c3b98_b.jpg 3.556591e+002 1.738522e+002 4.935809e+002 3.577478e+002 2.873
D:\h3d\images\2898548515_6ecb1b18c3_b.jpg 2.558321e+002 3.753562e+002 3.987279e+002 5.658838e+002 2.977
D:\h3d\images\2898548515_6ecb1b18c3_b.jpg 3.334005e+002 1.832673e+002 5.774995e+002 5.087327e+002 5.085
D:\h3d\images\2898557601_503954e9d6_b.jpg 1.568348e+002 2.443998e+002 3.855852e+002 5.494002e+002 4.766
D:\h3d\images\2898584015_bf82ae7f5d_b.jpg 2.755945e+002 1.081659e+002 4.828855e+002 3.845541e+002 4.319
D:\h3d\images\2898584015_bf82ae7f5d_b.jpg 4.275479e+001 5.015931e+002 2.984252e+002 8.424869e+002 5.326
D:\h3d\images\2898584417_0a323bc5f8_b.jpg 1.942017e+002 3.893290e+002 4.558183e+002 7.381510e+002 5.450
D:\h3d\images\2898618901_664617fd21_o.jpg 5.526003e+002 2.292271e+002 5.898197e+002 2.788529e+002 0.775
D:\h3d\images\2898730608_45d3f27e9f_b.jpg 1.148482e+002 1.077376e+002 4.598518e+002 5.677424e+002 7.188
D:\h3d\images\2899016073_30481fb57b_o.jpg 2.260636e+002 2.295115e+002 2.824764e+002 3.047285e+002 1.175
D:\h3d\images\2899016073_30481fb57b_o.jpg 5.133123e+001 2.346116e+002 1.163088e+002 3.212484e+002 1.354
D:\h3d\images\2899016073_30481fb57b_o.jpg 4.093472e+002 2.277430e+002 4.780728e+002 3.193770e+002 1.432
D:\h3d\images\2899016073_30481fb57b_o.jpg 5.683089e+002 2.092852e+002 6.361911e+002 2.997948e+002 1.414
D:\h3d\images\2899016073_30481fb57b_o.jpg 5.007078e+002 1.995604e+002 5.655522e+002 2.860196e+002 1.351
D:\h3d\images\2899016081_fc9f1a6f51_o.jpg 4.262529e+001 2.922871e+002 9.769471e+001 3.657129e+002 1.147
D:\h3d\images\2899016081_fc9f1a6f51_o.jpg 1.432658e+002 2.781811e+002 1.986742e+002 3.520589e+002 1.154
D:\h3d\images\2899016081_fc9f1a6f51_o.jpg 2.244643e+002 2.446990e+002 2.953557e+002 3.392210e+002 1.477
D:\h3d\images\2899016081_fc9f1a6f51_o.jpg 3.616568e+002 2.564024e+002 4.158032e+002 3.285976e+002 1.128
D:\h3d\images\2899257235_0996bc2091_b.jpg 1.223295e+002 3.635960e+002 2.513505e+002 5.356240e+002 2.688
D:\h3d\images\2899381942_12f1bb6c56_b.jpg 1.244057e+002 9.982100e+001 4.042143e+002 4.728990e+002 5.829
D:\h3d\images\2899381942_12f1bb6c56_b.jpg 3.381029e+002 3.673071e+002 6.076571e+002 7.267129e+002 5.616
D:\h3d\images\2899390230_9879d4e608_b.jpg 6.316982e+002 3.464310e+002 7.123218e+002 4.539290e+002 1.680
D:\h3d\images\2899390230_9879d4e608_b.jpg 4.624741e+002 1.514788e+002 5.402059e+002 2.551212e+002 1.619
D:\h3d\images\2899390294_8753b53234_o.jpg 2.641115e+002 2.481587e+002 4.345285e+002 4.753813e+002 3.550
D:\h3d\images\2899390294_8753b53234_o.jpg 8.893337e-001 5.176658e+002 1.425707e+002 7.065742e+002 2.952
D:\h3d\images\2899390294_8753b53234_o.jpg 5.466764e+002 3.978686e+002 6.897636e+002 5.886514e+002 2.981
D:\h3d\images\2899462070_7e736ef7c1_o.jpg 2.747657e+002 1.602642e+002 3.280543e+002 2.313158e+002 1.110
D:\h3d\images\2899622066_8cfc9cd88d_b.jpg 5.124876e+002 1.740834e+002 7.426124e+002 4.809166e+002 4.794
D:\h3d\images\2899746058_90b34b44e0_b.jpg 6.217090e+002 3.086786e+002 7.261710e+002 4.479614e+002 2.176
D:\h3d\images\2899746058_90b34b44e0_b.jpg 4.307874e+002 3.057832e+002 5.185926e+002 4.228568e+002 1.829
D:\h3d\images\2899746058_90b34b44e0_b.jpg 3.028106e+002 3.161208e+002 3.992894e+002 4.447592e+002 2.010
D:\h3d\images\2900352038_bc6ab2057a_b.jpg 5.350262e+002 3.109849e+002 5.802138e+002 3.712351e+002 0.941
D:\h3d\images\2900485979_0ce0069453_b.jpg 4.784826e+002 2.687935e+002 5.349974e+002 3.441465e+002 1.177
D:\h3d\images\2900485979_0ce0069453_b.jpg 6.736213e+002 2.548250e+002 7.504587e+002 3.572750e+002 1.601
D:\h3d\images\2900520761_7defe9445e_b.jpg 4.849272e+002 2.306829e+002 6.194128e+002 4.099971e+002 2.802
D:\h3d\images\2900520761_7defe9445e_b.jpg 6.317392e+002 2.025590e+002 8.160008e+002 4.482410e+002 3.839
D:\h3d\images\2900575197_529138e9ed_b.jpg 2.290398e+002 3.048197e+002 4.724002e+002 6.293003e+002 5.070
D:\h3d\images\2900657635_dd69ce911b_b.jpg 3.839528e+002 1.890771e+002 6.520072e+002 5.464829e+002 5.584
D:\h3d\images\2900662075_420ee65895_b.jpg 3.873794e+002 1.291092e+002 5.809406e+002 3.871908e+002 4.033
D:\h3d\images\2900662075_420ee65895_b.jpg 7.072100e+002 1.774200e+002 8.920100e+002 4.238200e+002 3.850
D:\h3d\images\2900674663_275834c007_b.jpg 3.595778e+002 2.728138e+002 4.871622e+002 4.429262e+002 2.658
D:\h3d\images\2900780773_a04b16867b_b.jpg 1.971967e+002 2.344557e+002 3.910033e+002 4.928643e+002 4.038
D:\h3d\images\2900963309_af599b4e51_b.jpg 2.990952e+002 2.705236e+002 4.896648e+002 5.246164e+002 3.970
D:\h3d\images\2900967477_7d7dea87f9_b.jpg 2.982441e+002 2.138722e+002 5.280559e+002 5.202878e+002 4.788
D:\h3d\images\2900971221_c8812d8caf_b.jpg 4.213177e+001 2.749590e+002 2.685282e+002 5.768210e+002 4.717
D:\h3d\images\2900971221_c8812d8caf_b.jpg 2.655127e+002 3.110036e+002 4.552873e+002 5.640364e+002 3.954
D:\h3d\images\2901051397_1d7843cf90_b.jpg 2.563278e+002 7.504204e+002 3.211722e+002 8.368796e+002 1.351
D:\h3d\images\2901051397_1d7843cf90_b.jpg 3.179100e+002 6.917500e+002 3.923100e+002 7.909500e+002 1.550
D:\h3d\images\2901051397_1d7843cf90_b.jpg 4.562578e+002 6.105804e+002 5.211022e+002 6.970396e+002 1.351
D:\h3d\images\2901465708_92475b7b91_b.jpg 4.549974e+002 2.318366e+002 5.496226e+002 3.580034e+002 1.971
D:\h3d\images\2901465708_92475b7b91_b.jpg 1.070160e+002 2.687347e+002 1.970240e+002 3.887453e+002 1.875
D:\h3d\images\2901525370_1fd81b4dfc_b.jpg 2.311236e+002 2.386314e+002 4.466564e+002 5.260086e+002 4.490
D:\h3d\images\2901632344_562bf85c19_b.jpg 5.085164e+002 3.430718e+002 6.141436e+002 4.839082e+002 2.201
D:\h3d\images\2901699174_643695e319_b.jpg 4.361755e+002 3.132540e+002 5.695645e+002 4.911060e+002 2.779
D:\h3d\images\2901730800_795f2d81d1_b.jpg 2.345289e+002 2.102185e+002 3.964711e+002 4.261415e+002 3.374
D:\h3d\images\2901983841_2faec5db5e_b.jpg 2.995109e+002 3.392445e+002 4.687491e+002 5.648955e+002 3.526
D:\h3d\images\2902017573_6b67a13871_b.jpg 4.978523e+002 1.890864e+002 7.606277e+002 5.394536e+002 5.474
D:\h3d\images\2902017573_6b67a13871_b.jpg 1.494256e+002 5.010308e+002 2.791144e+002 6.739492e+002 2.702
D:\h3d\images\2902254285_c38ff64355_b.jpg 7.541100e+002 2.832267e+002 7.901900e+002 3.313333e+002 0.752
D:\h3d\images\2902254285_c38ff64355_b.jpg 8.211811e+002 2.859914e+002 8.515389e+002 3.264686e+002 0.632
D:\h3d\images\2902254285_c38ff64355_b.jpg 9.023453e+002 2.700071e+002 9.574147e+002 3.434329e+002 1.147
D:\h3d\images\2902278619_6df3489699_b.jpg 2.485202e+002 2.107635e+002 3.282998e+002 3.171365e+002 1.662
D:\h3d\images\2902315568_4f2d4fc60c_b.jpg 1.030841e+002 1.017388e+002 4.672559e+002 5.873012e+002 7.587
D:\h3d\images\2902333613_52bbf4dda4_b.jpg 3.218605e+001 2.868347e+002 1.997140e+002 5.102053e+002 3.490
D:\h3d\images\2902430469_c3f0f50d00_o.jpg 3.139442e+002 5.332562e+001 4.172558e+002 1.910744e+002 2.152
D:\h3d\images\2902566385_14d904a454_b.jpg 2.491127e+002 4.705136e+002 3.597473e+002 6.180264e+002 2.305
D:\h3d\images\2902771544_b56eab8a84_b.jpg 1.071394e+002 2.461793e+002 3.421006e+002 5.594607e+002 4.895
D:\h3d\images\2902804640_a9efa809e8_b.jpg 4.350781e+001 3.952971e+002 2.079122e+002 6.145029e+002 3.425
D:\h3d\images\2902865574_5fbf4de5d2_b.jpg 5.443300e+002 1.539300e+002 6.907300e+002 3.491300e+002 3.050
D:\h3d\images\2902885202_fd36bf46b5_b.jpg 1.862172e+002 1.785929e+002 3.862828e+002 4.453471e+002 4.168
D:\h3d\images\2902885202_fd36bf46b5_b.jpg 5.255780e+002 2.130007e+002 7.310620e+002 4.869793e+002 4.281
D:\h3d\images\2902938730_818ebcee71_b.jpg 1.838124e+002 1.676065e+002 3.712276e+002 4.174935e+002 3.904
D:\h3d\images\2904109450_d6b68335b4_b.jpg 2.193081e+002 2.425341e+002 4.693519e+002 5.759259e+002 5.209
D:\h3d\images\2904109450_d6b68335b4_b.jpg 4.173085e+002 1.757779e+002 6.956515e+002 5.469021e+002 5.799
D:\h3d\images\2904110126_2ccac17240_o.jpg 4.086795e+002 1.572427e+002 6.183605e+002 4.368173e+002 4.368
D:\h3d\images\2904135345_ced4592ba4_o.jpg 1.100468e+002 1.472424e+002 1.641932e+002 2.194376e+002 1.128
D:\h3d\images\2904553289_b77a95c45d_b.jpg 1.056900e+001 1.782787e+002 1.508510e+002 3.653213e+002 2.923
D:\h3d\images\2904553289_b77a95c45d_b.jpg 6.756609e+002 4.489786e+001 8.776391e+002 3.142021e+002 4.208
D:\h3d\images\2904553289_b77a95c45d_b.jpg 6.197997e+002 8.702630e+001 7.002803e+002 1.943337e+002 1.677
D:\h3d\images\304810791_1f0dd073c4_o.jpg 3.913215e+002 2.702486e+002 4.732385e+002 3.794714e+002 1.707
D:\h3d\images\304810791_1f0dd073c4_o.jpg 3.375682e+001 2.579224e+002 2.571632e+002 5.557976e+002 4.654
D:\h3d\images\3086402599_f03601d2a7_b.jpg -1.372023e+002 3.198569e+002 2.325223e+002 8.128231e+002 7.703
D:\h3d\images\3086419677_4e65826e8d_b.jpg 4.561940e+002 2.554320e+002 5.462660e+002 3.755280e+002 1.876
D:\h3d\images\3087236480_28006fbb96_b.jpg 2.480865e+002 2.739120e+002 4.201935e+002 5.033880e+002 3.586
D:\h3d\images\3087236480_28006fbb96_b.jpg 5.576051e+002 2.115501e+002 6.647349e+002 3.543899e+002 2.232
D:\h3d\images\3087236480_28006fbb96_b.jpg 7.973948e+002 1.953531e+002 9.315052e+002 3.741669e+002 2.794
D:\h3d\images\3087236918_388e0cb9ff_b.jpg 1.602638e+001 1.822818e+002 1.481136e+002 3.583982e+002 2.752
D:\h3d\images\3087236918_388e0cb9ff_b.jpg 7.107800e+002 3.262400e+002 8.069000e+002 4.544000e+002 2.002
D:\h3d\images\3087644551_f6da5f1ffe_b.jpg -7.065330e+001 5.972893e+001 3.727333e+002 6.509111e+002 9.237
D:\h3d\images\3112643323_aabcafa7fd_b.jpg 2.946617e+002 3.725522e+002 4.165783e+002 5.351078e+002 2.540
D:\h3d\images\3124006676_91abe294e7_b.jpg 6.603582e+002 4.831243e+002 7.877618e+002 6.529957e+002 2.654
D:\h3d\images\3144805099_15b9a8e9d6_b.jpg 1.211209e+002 2.829045e+002 2.903591e+002 5.085555e+002 3.526
D:\h3d\images\3153521676_9f2c3784ab_b.jpg 4.916100e+002 2.399100e+002 5.877300e+002 3.680700e+002 2.002
D:\h3d\images\3154896090_1343ae4bc6_o.jpg 2.634385e+002 1.209147e+002 5.980815e+002 5.671053e+002 6.972
D:\h3d\images\3194573559_9c3564e0bf_b.jpg 1.669521e+002 2.052162e+002 3.481879e+002 4.468638e+002 3.776
D:\h3d\images\3228892804_d921047f31_b.jpg -1.367718e+001 4.077738e+002 1.510772e+002 6.274462e+002 3.432
D:\h3d\images\3236990520_734d3f40f3_b.jpg 3.362559e+002 3.950812e+002 3.943041e+002 4.724788e+002 1.209
D:\h3d\images\3236990520_734d3f40f3_b.jpg 3.951207e+002 3.720242e+002 4.695593e+002 4.712758e+002 1.551
D:\h3d\images\3251434335_5c59664584_b.jpg 1.185711e+002 2.451582e+002 5.016889e+002 7.559818e+002 7.982
D:\h3d\images\3252582473_f10b8136b8_o.jpg 1.382298e+002 1.827597e+002 2.119102e+002 2.810003e+002 1.535
D:\h3d\images\3255716023_4eb360c487_b.jpg 3.436279e+002 1.310672e+002 5.152321e+002 3.598728e+002 3.575
D:\h3d\images\3255716023_4eb360c487_b.jpg 5.587662e+002 1.557049e+002 7.292338e+002 3.829951e+002 3.551
D:\h3d\images\3255716023_4eb360c487_b.jpg 7.842829e+002 1.047705e+002 9.503171e+002 3.261495e+002 3.459
D:\h3d\images\3256543284_d5d82d5020_b.jpg 2.235638e+001 1.715118e+002 1.544436e+002 3.476282e+002 2.752
D:\h3d\images\3256543284_d5d82d5020_b.jpg 1.943700e+002 3.499500e+002 3.407700e+002 5.451500e+002 3.050
D:\h3d\images\3268661329_2cf3f5664b_o.jpg 2.259748e+002 8.163307e+001 3.600852e+002 2.604469e+002 2.794
D:\h3d\images\3268871293_4e4f36e9f0_o.jpg 3.708943e+002 3.686524e+002 5.554057e+002 6.146676e+002 3.844
D:\h3d\images\3273003682_eb03abdc07_o.jpg 1.873198e+002 6.494645e+001 5.241802e+002 5.140936e+002 7.018
D:\h3d\images\3275102928_22f9386923_o.jpg 3.449799e+002 3.032299e+002 5.986601e+002 6.414701e+002 5.285
D:\h3d\images\3284774463_929b439aa2_b.jpg 5.814878e+001 1.529117e+002 4.117112e+002 6.243283e+002 7.366
D:\h3d\images\3284774463_929b439aa2_b.jpg 7.333159e+002 4.479346e+002 8.738441e+002 6.353054e+002 2.928
D:\h3d\images\3285942772_2b8a211b42_b.jpg 6.400094e+002 2.892425e+002 8.025906e+002 5.060175e+002 3.387
D:\h3d\images\3293534203_7c84122976_o.jpg 4.710746e+002 1.229729e+002 6.054854e+002 3.021871e+002 2.800
D:\h3d\images\3293534203_7c84122976_o.jpg 6.075750e+001 2.183667e+002 1.581425e+002 3.482133e+002 2.029
D:\h3d\images\3293534203_7c84122976_o.jpg 7.571059e+002 2.567845e+002 8.447141e+002 3.735955e+002 1.825
D:\h3d\images\3294803449_7c17807813_b.jpg 4.025806e+002 4.300078e+001 5.504194e+002 2.401192e+002 3.080
D:\h3d\images\3294843623_5a124a728e_b.jpg 3.241619e+002 2.056992e+002 3.685781e+002 2.649208e+002 0.925
D:\h3d\images\3294843623_5a124a728e_b.jpg 1.555351e+002 1.736768e+002 2.478649e+002 2.967832e+002 1.924
D:\h3d\images\3302900681_79d962d8ff_b.jpg 1.698828e+002 2.481837e+002 3.271972e+002 4.579363e+002 3.277
D:\h3d\images\3302900681_79d962d8ff_b.jpg 5.600447e+002 2.578662e+002 7.187353e+002 4.694538e+002 3.306
D:\h3d\images\3305195081_cb735743a8_b.jpg 3.881483e+002 3.487377e+002 5.957517e+002 6.255423e+002 4.325
D:\h3d\images\3306027242_f33343f18d_b.jpg 3.716200e+002 1.484900e+002 4.604200e+002 2.668900e+002 1.850
D:\h3d\images\3306820176_5c6c1134a5_o.jpg 1.668888e+002 2.582817e+002 2.307712e+002 3.434583e+002 1.331
D:\h3d\images\3307244483_2c641e1b10_b.jpg 4.137103e+002 1.297304e+002 8.648497e+002 7.312496e+002 9.399
D:\h3d\images\3308077230_6d303ca3a0_b.jpg -4.285216e+001 5.813046e+001 3.795922e+002 6.213895e+002 8.801
D:\h3d\images\3308077230_6d303ca3a0_b.jpg 3.152095e+002 3.801266e+001 7.534905e+002 6.223873e+002 9.131
D:\h3d\images\3308180134_a0f0498c28_b.jpg -1.695636e+001 3.370982e+002 1.150764e+002 5.131418e+002 2.751
D:\h3d\images\3308180134_a0f0498c28_b.jpg 2.467951e+002 4.600001e+002 3.237449e+002 5.625999e+002 1.603
D:\h3d\images\3308180134_a0f0498c28_b.jpg 4.120759e+002 4.910178e+002 4.732641e+002 5.726022e+002 1.275
D:\h3d\images\3309029979_1881128f27_b.jpg 1.419983e+002 1.675277e+002 3.520017e+002 4.475323e+002 4.375
D:\h3d\images\3309029979_1881128f27_b.jpg 2.436321e+002 9.417614e+001 4.890079e+002 4.213439e+002 5.112
D:\h3d\images\3311785807_842e76726a_b.jpg 3.064002e+002 1.260003e+002 4.687598e+002 3.424797e+002 3.382
D:\h3d\images\3311787445_368a475474_b.jpg 4.268161e+002 6.132141e+001 6.021639e+002 2.951186e+002 3.653
D:\h3d\images\3311787445_368a475474_b.jpg 5.803075e+001 2.533610e+002 1.786293e+002 4.141590e+002 2.512
D:\h3d\images\3311790201_a01945970f_b.jpg -2.593924e+001 2.073543e+002 1.693992e+002 4.678057e+002 4.070
D:\h3d\images\3311790201_a01945970f_b.jpg 4.439506e+002 1.325807e+002 6.523294e+002 4.104193e+002 4.341
D:\h3d\images\3312069643_8e08ff900f_b.jpg 3.631660e+002 1.578846e+002 5.315940e+002 3.824554e+002 3.509
D:\h3d\images\3312069643_8e08ff900f_b.jpg 5.848756e+002 1.826420e+001 8.462444e+002 3.667558e+002 5.445
D:\h3d\images\3312405706_afb060d768_b.jpg 3.283931e+002 1.685208e+002 5.661869e+002 4.855792e+002 4.954
D:\h3d\images\3312517074_bfba846749_b.jpg 4.446292e+002 5.080230e+001 7.162908e+002 4.130177e+002 5.660
D:\h3d\images\3312610874_1670c8d27b_b.jpg 1.894631e+002 4.043743e+001 5.994769e+002 5.871226e+002 8.542
D:\h3d\images\3312612880_12979b4b57_b.jpg -3.621089e+001 1.288122e+002 3.414709e+002 6.323878e+002 7.868
D:\h3d\images\3312612880_12979b4b57_b.jpg 3.853131e+002 5.086746e+001 8.703269e+002 6.975525e+002 10.104
D:\h3d\images\3317900493_3e09ca06fe_b.jpg 2.863450e+002 1.516200e+002 5.936950e+002 5.614200e+002 6.403
D:\h3d\images\3317904661_2ff26f32bc_b.jpg 5.725187e+002 -2.084510e+001 9.279213e+002 4.530251e+002 7.404
D:\h3d\images\3318725956_ec6f44f070_b.jpg 4.091922e+002 3.438996e+002 6.375078e+002 6.483204e+002 4.757
D:\h3d\images\3318727106_a966171214_b.jpg 3.997208e+002 1.964877e+002 6.841992e+002 5.757923e+002 5.927
D:\h3d\images\3318729076_105ea5bb96_b.jpg 3.278038e+002 5.752351e+002 4.514562e+002 7.401049e+002 2.576
D:\h3d\images\3318730524_43156e0314_b.jpg 3.160974e+002 1.724265e+002 5.138026e+002 4.360335e+002 4.119
D:\h3d\images\3318733840_ce66f2f693_b.jpg 5.660884e+002 3.089979e+002 6.988716e+002 4.860421e+002 2.766
D:\h3d\images\3318733840_ce66f2f693_b.jpg 4.047187e+002 3.961949e+002 5.142413e+002 5.422251e+002 2.282
D:\h3d\images\3320887559_104f52701d_b.jpg 3.682367e+001 1.350716e+002 2.591963e+002 4.315684e+002 4.633
D:\h3d\images\3320889997_8bd92d8929_b.jpg 3.572500e+002 1.488767e+002 5.372100e+002 3.888233e+002 3.749
D:\h3d\images\3321712588_980ac73af6_b.jpg 4.699700e+002 2.064600e+002 5.899700e+002 3.664600e+002 2.500
D:\h3d\images\3321716388_11cc114d8f_b.jpg 6.381386e+002 3.564881e+002 7.388814e+002 4.908119e+002 2.099
D:\h3d\images\3341851767_001e1b8bec_b.jpg 2.325359e+002 8.057116e+001 5.461241e+002 4.986888e+002 6.533
D:\h3d\images\3342384304_145e0d2b62_b.jpg 3.328397e+002 1.299029e+002 7.863603e+002 7.345971e+002 9.448
D:\h3d\images\3343078783_bc7a32e333_o.jpg 2.728160e+002 3.924647e+002 4.788040e+002 6.671153e+002 4.291
D:\h3d\images\3343924826_509b13bf96_b.jpg 2.387891e+002 3.570921e+002 4.276509e+002 6.089079e+002 3.935
D:\h3d\images\3343925542_8c475978f9_b.jpg 3.883339e+002 3.292052e+002 4.929061e+002 4.686348e+002 2.179
D:\h3d\images\3349165624_349740e8a4_o.jpg 2.515966e+002 1.396655e+002 3.584034e+002 2.820745e+002 2.225
D:\h3d\images\3349176740_a6f20cb596_o.jpg 4.112895e+001 1.585819e+002 2.046111e+002 3.765581e+002 3.406
D:\h3d\images\3349176740_a6f20cb596_o.jpg 3.103897e+002 1.059329e+002 4.892903e+002 3.444671e+002 3.727
D:\h3d\images\3355594347_5403851838_b.jpg 6.562681e+002 2.032608e+002 7.477519e+002 3.252392e+002 1.906
D:\h3d\images\3357476348_88ed20c01f_o.jpg 3.302045e+002 8.549933e+001 4.156155e+002 1.993807e+002 1.779
D:\h3d\images\3358579195_c497bda855.jpg 1.109276e+002 7.254015e+001 2.263524e+002 2.264399e+002 2.405
D:\h3d\images\3359914753_3504cb4c1a.jpg 2.478349e+002 8.693660e+001 3.067451e+002 1.654834e+002 1.227
D:\h3d\images\3360722970_6625092661.jpg 1.459497e+002 9.401956e+001 2.528103e+002 2.365004e+002 2.226
D:\h3d\images\3360731146_cd67b09906_o.jpg 2.244659e+001 1.231988e+002 3.263334e+002 5.283812e+002 6.331
D:\h3d\images\3360731146_cd67b09906_o.jpg 3.220439e+002 2.202151e+002 6.303761e+002 6.313249e+002 6.424
D:\h3d\images\3360731872_2e98b10b86_o.jpg 7.108207e+002 1.711675e+002 1.057639e+003 6.335925e+002 7.225
D:\h3d\images\3366304736_809be63b53_b.jpg 8.925318e+001 3.007442e+002 2.369068e+002 4.976158e+002 3.076
D:\h3d\images\3366751633_446848131f_b.jpg 2.694075e+002 3.777833e+002 3.846325e+002 5.314167e+002 2.401
D:\h3d\images\3366751633_446848131f_b.jpg 3.802590e+002 3.716719e+002 4.931610e+002 5.222081e+002 2.352
D:\h3d\images\3366751633_446848131f_b.jpg 4.802372e+002 3.738163e+002 6.110428e+002 5.482237e+002 2.725
D:\h3d\images\3366751633_446848131f_b.jpg 5.945629e+002 3.364139e+002 6.954771e+002 4.709661e+002 2.102
D:\h3d\images\3366754893_f91f1df394_b.jpg 3.457322e+002 2.204330e+002 4.753878e+002 3.933070e+002 2.701
D:\h3d\images\3366758949_8ca5652f1d.jpg 3.109998e+002 1.099397e+002 3.846802e+002 2.081803e+002 1.535
D:\h3d\images\3366763695_e5083b4ba4_b.jpg 3.275401e+002 3.105934e+002 5.073399e+002 5.503266e+002 3.746
D:\h3d\images\3366763695_e5083b4ba4_b.jpg 5.481714e+002 1.374418e+002 7.097486e+002 3.528782e+002 3.366
D:\h3d\images\3367580820_df7148532f_b.jpg 1.188983e+002 8.433439e+001 3.759617e+002 4.270856e+002 5.355
D:\h3d\images\3367583848_c3880fa460_b.jpg 6.055718e+002 2.813458e+002 6.848082e+002 3.869942e+002 1.651
D:\h3d\images\3367583848_c3880fa460_b.jpg 4.353309e+002 1.382912e+002 5.938491e+002 3.496488e+002 3.302
D:\h3d\images\3372892123_a647d071e6_b.jpg 1.154429e+002 3.534905e+002 2.814771e+002 5.748695e+002 3.459
D:\h3d\images\3372892123_a647d071e6_b.jpg 3.940556e+002 3.126475e+002 5.766844e+002 5.561525e+002 3.805
D:\h3d\images\3373683426_ea7a6dbcdd_b.jpg 1.512976e+002 1.800202e+002 2.606624e+002 3.258398e+002 2.278
D:\h3d\images\3373683426_ea7a6dbcdd_b.jpg 7.219767e+002 2.222022e+002 8.300033e+002 3.662378e+002 2.251
D:\h3d\images\3373683426_ea7a6dbcdd_b.jpg 5.093725e+002 2.033733e+002 6.393275e+002 3.766467e+002 2.707
D:\h3d\images\3373687376_b017f5348f_b.jpg 5.394224e+002 8.775987e+001 7.290376e+002 3.405801e+002 3.950
D:\h3d\images\3375412612_74aa2c9e85_b.jpg 2.935511e+002 2.542748e+002 4.077089e+002 4.064852e+002 2.378
D:\h3d\images\3375412612_74aa2c9e85_b.jpg 4.139609e+002 2.816912e+002 5.019791e+002 3.990488e+002 1.834
D:\h3d\images\3375412612_74aa2c9e85_b.jpg 5.464040e+002 2.593520e+002 6.364760e+002 3.794480e+002 1.876
D:\h3d\images\3377052228_7cfa9a2833_b.jpg 3.498853e+002 4.745104e+002 4.809547e+002 6.492696e+002 2.731
D:\h3d\images\3381054074_50b1b23d53_o.jpg 5.134554e+001 8.899738e+001 3.309945e+002 4.618626e+002 5.826
D:\h3d\images\3420141193_7de722bbea_b.jpg 8.627583e+001 3.302711e+002 3.037442e+002 6.202289e+002 4.531
D:\h3d\images\3420141193_7de722bbea_b.jpg 2.797133e+002 3.041844e+002 4.981067e+002 5.953756e+002 4.550
D:\h3d\images\3420489407_fcd5d73179_b.jpg 5.472855e+002 1.467541e+002 8.502945e+002 5.507659e+002 6.313
D:\h3d\images\3420536815_1889aeae7a_b.jpg 2.887382e+002 4.299176e+002 4.065218e+002 5.869624e+002 2.454
D:\h3d\images\3420662617_29c6a7bd55_b.jpg 4.712560e+002 3.144647e+002 5.612640e+002 4.344753e+002 1.875
D:\h3d\images\3420662617_29c6a7bd55_b.jpg 5.696391e+002 3.299255e+002 6.555209e+002 4.444345e+002 1.789
D:\h3d\images\3420662617_29c6a7bd55_b.jpg 5.041653e+002 4.311538e+002 6.266947e+002 5.945262e+002 2.553
D:\h3d\images\3420670967_ca8d1a50d0_b.jpg 2.340703e+002 1.410271e+002 4.866297e+002 4.777729e+002 5.262
D:\h3d\images\3420924266_f5f2e782a4_b.jpg -1.116968e+001 1.488271e+002 2.157097e+002 4.513329e+002 4.727
D:\h3d\images\3420943374_fe3ec5b297_b.jpg 4.270222e+002 2.974030e+002 5.566778e+002 4.702770e+002 2.701
D:\h3d\images\3420943374_fe3ec5b297_b.jpg 5.527444e+002 3.273992e+002 6.431356e+002 4.479208e+002 1.883
D:\h3d\images\3421451624_f70dd3336f_b.jpg 5.262910e+002 3.500046e+002 6.196290e+002 4.744554e+002 1.945
D:\h3d\images\3421464718_acf3dcb840_b.jpg 1.561438e+002 8.635502e+001 3.866562e+002 3.937050e+002 4.802
D:\h3d\images\3422935419_38963fe580.jpg 5.710505e+001 4.230673e+001 3.155150e+002 3.868533e+002 5.384
D:\h3d\images\3423424291_006f2a941f_b.jpg 3.708990e+002 5.220534e+001 6.194410e+002 3.835947e+002 5.178
D:\h3d\images\3423726342_4fffc40a95_b.jpg 1.426687e+002 2.577017e+002 2.951113e+002 4.609583e+002 3.176
D:\h3d\images\3423726342_4fffc40a95_b.jpg 5.143014e+002 1.933286e+002 6.479386e+002 3.715114e+002 2.784
D:\h3d\images\3423741406_ee58599b6d_b.jpg 1.695320e+002 1.139793e+002 3.495480e+002 3.540007e+002 3.750
D:\h3d\images\3423743510_fcc95164f2_b.jpg 2.727708e+002 1.146677e+002 4.601092e+002 3.644523e+002 3.903
D:\h3d\images\3423743510_fcc95164f2_b.jpg 5.644973e+002 4.468975e+001 7.073427e+002 2.351502e+002 2.976
D:\h3d\images\3424234474_a112a26e63_b.jpg 3.458921e+002 4.530095e+002 5.261479e+002 6.933505e+002 3.755
D:\h3d\images\3424234474_a112a26e63_b.jpg 5.269721e+002 4.275328e+002 7.244879e+002 6.908872e+002 4.115
D:\h3d\images\3424234474_a112a26e63_b.jpg 6.898615e+002 4.483653e+002 9.265385e+002 7.639347e+002 4.931
D:\h3d\images\3424234474_a112a26e63_b.jpg 6.827426e+002 1.061568e+002 8.685374e+002 3.538832e+002 3.871
D:\h3d\images\3424241444_972862b80a_b.jpg 5.140732e+002 3.445510e+002 6.627668e+002 5.428090e+002 3.098
D:\h3d\images\3424241758_848d874e81_b.jpg 7.926203e+000 2.018149e+002 1.027338e+002 3.282251e+002 1.975
D:\h3d\images\3535943445_585e4e8aca_b.jpg 4.586852e+002 4.031637e+002 5.342948e+002 5.039763e+002 1.575
D:\h3d\images\3535999195_b644c00098.jpg -1.326599e+000 4.009453e+001 1.577266e+002 2.521655e+002 3.314
D:\h3d\images\3536467285_6deb274553_b.jpg 7.805829e+001 5.493438e+001 2.451817e+002 2.777656e+002 3.482
D:\h3d\images\3536467285_6deb274553_b.jpg 6.130200e+002 8.247000e+001 7.858200e+002 3.128700e+002 3.600
D:\h3d\images\3626556871_c8b1ce9f3b_b.jpg 2.437929e+002 1.229138e+002 4.081271e+002 3.420262e+002 3.424
D:\h3d\images\3626556871_c8b1ce9f3b_b.jpg 4.490884e+002 7.914790e+001 6.315516e+002 3.224321e+002 3.801
D:\h3d\images\3626649153_b8ee5c9b4d_b.jpg 2.827555e+002 2.299174e+002 5.624045e+002 6.027826e+002 5.826
D:\h3d\images\3627650340_ecaaa2fc4e_b.jpg 4.365950e+002 2.544700e+002 5.326250e+002 3.825100e+002 2.001
D:\h3d\images\3652180695_0d332fe032_b.jpg -2.988705e+001 9.444060e+001 2.352070e+002 4.478994e+002 5.523
D:\h3d\images\3652180695_0d332fe032_b.jpg 2.936043e+002 1.395991e+002 5.174357e+002 4.380409e+002 4.663
D:\h3d\images\3653216804_c9b08ff1ce_b.jpg 2.397954e+002 4.687387e+001 5.357846e+002 4.415261e+002 6.166
D:\h3d\images\3658191521_931022ce26_o.jpg 7.622286e+001 1.236971e+002 1.602571e+002 2.357429e+002 1.751
D:\h3d\images\3658191521_931022ce26_o.jpg 2.720185e+002 1.805846e+002 3.501015e+002 2.846954e+002 1.627
D:\h3d\images\3658987690_32d5664121_o.jpg 1.801267e+002 2.071989e+002 2.882333e+002 3.513411e+002 2.252
D:\h3d\images\3658987690_32d5664121_o.jpg 3.024933e+002 1.531844e+002 4.037067e+002 2.881356e+002 2.109
D:\h3d\images\3713464057_a5e6851931_b.jpg 5.445082e+002 2.575710e+002 6.251318e+002 3.650690e+002 1.680
D:\h3d\images\3713464057_a5e6851931_b.jpg 9.105800e+002 280 9.321800e+002 3.088000e+002 0.450
D:\h3d\images\3713675112_bf1c77be80_b.jpg 2.942149e+002 7.808326e+001 3.866851e+002 2.013767e+002 1.926
D:\h3d\images\3713675112_bf1c77be80_b.jpg 5.455300e+002 4.663000e+001 6.607300e+002 2.002300e+002 2.400
D:\h3d\images\382787700_cedac03a34_b.jpg 3.019169e+002 2.011159e+002 4.183231e+002 3.563241e+002 2.425
D:\h3d\images\3839950577_165111d1ba_b.jpg 3.392887e+001 7.065157e+000 4.579111e+002 5.723748e+002 8.833
D:\h3d\images\3840747104_a130e6e0cc_b.jpg 4.248885e+002 3.098780e+002 5.186115e+002 4.348420e+002 1.953
D:\h3d\images\389443110_cd421d59e1_o.jpg 2.123763e+002 1.554450e+002 5.963837e+002 6.674550e+002 8.000
D:\h3d\images\4106286459_58da3a72a6_b.jpg -3.527701e+001 2.840873e+002 2.557570e+002 6.721327e+002 6.063
D:\h3d\images\4106286459_58da3a72a6_b.jpg 1.414140e+002 1.760220e+002 4.755660e+002 6.215580e+002 6.962
D:\h3d\images\4144942563_954b9e2e03_b.jpg -9.641063e+001 2.653858e+002 3.266706e+002 8.294942e+002 8.814
D:\h3d\images\4144942563_954b9e2e03_b.jpg 4.770380e+002 5.078061e+001 8.534020e+002 5.525994e+002 7.841
D:\h3d\images\4157504329_c564eef0cb_b.jpg 3.526438e+001 1.737858e+002 2.655956e+002 4.808942e+002 4.799
D:\h3d\images\415901224_8d87444980_o.jpg 3.288916e+002 3.905855e+002 4.060284e+002 4.934345e+002 1.607
D:\h3d\images\4162863358_a29266ede6.jpg -1.549497e+000 8.965067e+001 1.702895e+002 3.187693e+002 3.580
D:\h3d\images\4177460861_64b026a729_b.jpg 4.286011e+002 3.798480e+001 7.334389e+002 4.444352e+002 6.351
D:\h3d\images\4191450759_16ca160c8b.jpg 1.603902e+001 5.425365e+000 2.357210e+002 2.983346e+002 4.577
D:\h3d\images\4192071710_735398097e_b.jpg 4.521303e+002 9.261379e+001 6.055897e+002 2.972262e+002 3.197
D:\h3d\images\4192071710_735398097e_b.jpg 6.254022e+002 1.355296e+002 7.915578e+002 3.570704e+002 3.462
D:\h3d\images\4192151514_577295a453_b.jpg 4.647983e+002 1.078441e+001 5.851817e+002 1.712956e+002 2.508
D:\h3d\images\4192151514_577295a453_b.jpg 2.506326e+002 2.094435e+002 3.914474e+002 3.971965e+002 2.934
D:\h3d\images\4215360974_5e19145c7f_b.jpg 2.081630e+002 1.263007e+002 5.586370e+002 5.935993e+002 7.302
D:\h3d\images\4229489374_9b3233b34d_b.jpg 5.216401e+002 2.116101e+002 5.757599e+002 2.837699e+002 1.127
D:\h3d\images\4229716000_a7aa593069_b.jpg 2.703088e+002 1.087517e+002 4.050512e+002 2.884083e+002 2.807
D:\h3d\images\4229716000_a7aa593069_b.jpg 4.135348e+002 1.235364e+002 5.419852e+002 2.948036e+002 2.676
D:\h3d\images\4229716000_a7aa593069_b.jpg 5.271300e+002 1.584500e+002 6.735300e+002 3.536500e+002 3.050
D:\h3d\images\423936794_f76ff735bd_b.jpg 1.958008e+002 2.103877e+002 3.518192e+002 4.184123e+002 3.250
D:\h3d\images\423937301_052b01f6ae_b.jpg 2.949968e+002 2.477224e+002 4.680632e+002 4.784776e+002 3.606
D:\h3d\images\423938680_c81b0a3aa6_b.jpg 7.125420e+002 1.845393e+002 8.898580e+002 4.209607e+002 3.694
D:\h3d\images\423941623_3552c9f2d4_b.jpg 3.367964e+002 3.150485e+002 4.066236e+002 4.081515e+002 1.455
D:\h3d\images\423941623_3552c9f2d4_b.jpg 9.366633e+001 3.135384e+002 1.507137e+002 3.896016e+002 1.188
D:\h3d\images\4261016586_e33477786d_b.jpg 5.649448e+002 3.640564e+002 6.431752e+002 4.683636e+002 1.630
D:\h3d\images\4270361933_bfd505ffb7_b.jpg 9.044165e+001 4.517886e+001 3.273984e+002 3.611211e+002 4.937
D:\h3d\images\4271095402_db12e04073_b.jpg 9.126951e+001 2.833760e+002 3.518105e+002 6.307640e+002 5.428
