-0.20646
-0.96936
-0.0087918
0.056117
0.16901
0.14713
-0.1341
0.44448
-0.47498
0.39775
-0.30943
-0.52018
-0.35718
-0.26742
0.033145
-0.4888
-0.15945
-0.083642
-0.28214
-0.72876
-1.1206
-0.56398
-0.14376
-0.298
-0.21789
-0.35954
-0.20793
-0.19172
0.32337
0.605
0.89487
0.25435
0.27654
0.61575
0.080614
0.14235
-0.31625
0.020437
-0.097435
-0.61515
0.32988
-0.79584
0.086429
0.025768
-0.070118
0.074739
-0.31254
0.00033366
-0.29361
0.49617
0.46449
0.52927
0.43906
0.30587
0.51991
1.1715
1.3413
-0.43559
-0.019175
-0.77716
0.014146
-0.59332
0.6053
-0.3757
0.46622
0.62152
-0.5593
0.15337
0.11611
-0.19234
-0.46008
0.19254
0.75088
-0.074891
0.79833
-0.25242
0.25952
0.29118
-0.042117
-0.32248
-0.21935
0.48077
0.70039
0.20778
-0.16193
0.88153
0.47669
0.10007
-0.79277
0.49428
-0.30576
0.29148
-0.6598
-0.15333
-0.45146
-0.47033
-0.077972
0.32206
0.029051
-0.44334
0.81648
-0.44173
-0.05244
-0.86133
-0.4338
-0.6189
-0.14647
0.23678
0.56962
0.30109
-0.25092
-0.080314
0.23125
-0.27842
-0.080212
-0.31869
0.74167
-0.90129
-0.40431
1.1415
0.68432
0.51314
-0.2441
-0.2063
-0.18363
-0.63299
0.19845
-0.33188
0.21256
0.59881
0.45657
-0.24579
0.82402
0.4173
0.66935
0.023848
0.011079
0.43312
0.90964
1.2881
-0.591
-0.094025
-0.059283
0.26648
0.42405
0.36522
1.0149
-0.2416
-0.40342
-0.25102
-0.30139
-0.3759
-0.81842
0.11503
0.32607
0.18931
-0.8822
-0.78337
0.23887
0.1504
-0.19894
0.39898
-0.15418
-0.22552
-0.029697
-0.098365
0.067145
0.3632
0.62646
0.058172
-0.027888
0.43133
-0.36241
-0.31747
0.089428
-0.57707
0.16789
0.39993
0.25369
-0.33283
-0.023809
-0.40503
-0.098739
-0.11299
-0.34845
0.089006
0.26484
0.43331
0.25923
0.47706
-0.53615
0.14069
0.52716
-0.098194
0.45481
-0.10562
-0.052648
0.45831
0.10368
-0.3988
0.014785
-0.30693
0.2971
0.15574
-0.37601
-0.32791
-0.81808
0.68488
-0.1267
-0.059606
-0.44663
0.040425
0.087348
-0.33544
0.20371
0.12394
-0.012637
-0.68877
0.83018
0.72868
0.67983
-0.14472
1.3503
0.80252
0.7543
0.28765
-0.35944
0.87119
0.16814
-0.42151
0.40297
0.26015
0.2424
0.6394
0.65751
1.0584
0.35211
1.0649
-0.10974
-0.5016
0.89991
0.89906
0.78062
0.42815
0.275
0.031239
-0.025722
-0.56197
0.33779
0.45474
0.072588
-0.12888
0.74003
0.23192
-0.11212
-0.77488
0.23177
-0.12476
-0.32193
-0.11933
0.12506
-0.17364
-0.31718
-0.2258
-0.51079
-0.84255
-0.5335
0.32482
-0.55909
-1.0568
-0.33308
0.47699
0.17264
0.8727
0.1698
0.24145
0.49569
0.36485
-0.49065
-0.88317
-0.81837
0.59303
-0.17537
0.0074078
-0.066388
-0.022293
-0.066404
-0.37041
0.20218
0.24036
0.10848
-0.42883
0.013445
-0.29969
-0.05399
-0.032398
0.11293
0.1777
-0.017606
-0.46958
0.029112
-0.0038495
0.052878
0.34532
0.40747
0.029598
0.032134
0.21889
-0.008641
0.26266
0.13645
0.2992
-0.3621
0.27394
0.13687
-0.23325
-0.42568
0.137
0.44321
-0.35061
0.16371
-0.72948
0.43655
-0.31561
-3.9435