results: 
('Drink','Smoke','Blow','Brush','Phone)
maximal score of coarse
0.5260    0.5820    0.7113    0.4529    0.5068 (mean = .556)
maximal score of fine:
0.5594    0.7539    0.7766    0.4690    0.6841 (mean = .649)


              exp_id     mean       Drink      Smoke      Blow       Brush      Phone 
                 ______    _______    _______    _______    _______    _______    _______

    G            16        0.57694    0.54119    0.57648    0.74335    0.57282    0.45088
    F             8        0.69461    0.61268    0.56563     0.8192    0.71551    0.76002
    G+F          24        0.73784    0.69051    0.67101    0.84491     0.7297    0.75305
    BB            1        0.76414    0.87342     0.7997     0.7858    0.55155    0.81023
    MT            2        0.81652    0.91016    0.78288    0.84575    0.66223    0.88159
    M             4          0.819    0.91243    0.79205    0.84613    0.66366    0.88074
    M+MT          6        0.81938    0.91106    0.79223    0.84614      0.669    0.87848
    MT+BB         3        0.83981    0.92382    0.84354    0.86508    0.66609    0.90054
    M+BB          5        0.84069     0.9243    0.84043    0.86484    0.67254    0.90134
    M+MT+BB       7         0.8459    0.92269    0.83465    0.87573    0.68858    0.90783
    G+BB         17        0.84958    0.88504      0.906    0.88526     0.7373    0.83428
    F+BB          9        0.86018    0.88493     0.8868    0.87851    0.77397    0.87667
    G+M          20        0.87312    0.92138    0.87984    0.89918    0.81369    0.85149
    G+MT         18        0.87433    0.92083    0.88053    0.89915     0.8161    0.85505
    F+M          12        0.87999    0.92484    0.86006    0.90995    0.84904    0.85606
    F+MT         10        0.88043    0.92577    0.86031    0.91189    0.84525    0.85892
    G+F+BB       25         0.8842    0.89982    0.92335    0.90561     0.8046     0.8876
    G+M+MT       22        0.88748    0.92869    0.88219    0.91142    0.83467    0.88045
    F+M+MT       14        0.88792    0.93094    0.86805    0.91486    0.86158    0.86418
    G+M+BB       21        0.89308    0.92966    0.91161    0.92574     0.8042    0.89421
    G+F+MT       26        0.89331    0.92175    0.90367    0.91516    0.84908     0.8769
    G+F+M        28        0.89339    0.92362    0.90269    0.91548    0.84971    0.87547
    G+MT+BB      19        0.89363    0.92826    0.91289    0.92597    0.80587    0.89517
    G+F+M+MT     30        0.90035    0.93131    0.90163    0.92263    0.86618    0.88001
    F+MT+BB      11        0.90067    0.93338    0.90999    0.91687    0.84363    0.89946
    F+M+BB       13        0.90097    0.93487    0.91017    0.91679    0.84482     0.8982
    G+M+MT+BB    23        0.90168    0.93216    0.91297    0.93434    0.81929    0.90967
    F+M+MT+BB    15        0.90674    0.93994    0.91337    0.92388    0.85538    0.90116
    G+F+M+BB     29        0.91049    0.93688    0.92912    0.93164    0.85048    0.90434
    G+F+MT+BB    27        0.91068    0.93798     0.9296    0.93196    0.84983    0.90404

baseline:
 exp_id    G    F    M    MT    BB     mean       Drink      Smoke      Blow       Brush      Phone 
    ______    _    _    _    __    __    _______    _______    _______    _______    _______    _______

    16        1    0    0    0     0     0.57694    0.54119    0.57648    0.74335    0.57282    0.45088
     8        0    1    0    0     0     0.69461    0.61268    0.56563     0.8192    0.71551    0.76002
    24        1    1    0    0     0     0.73784    0.69051    0.67101    0.84491     0.7297    0.75305
     1        0    0    0    0     1     0.76414    0.87342     0.7997     0.7858    0.55155    0.81023
     2        0    0    0    1     0     0.81652    0.91016    0.78288    0.84575    0.66223    0.88159
     4        0    0    1    0     0       0.819    0.91243    0.79205    0.84613    0.66366    0.88074
     6        0    0    1    1     0     0.81938    0.91106    0.79223    0.84614      0.669    0.87848
     3        0    0    0    1     1     0.83981    0.92382    0.84354    0.86508    0.66609    0.90054
     5        0    0    1    0     1     0.84069     0.9243    0.84043    0.86484    0.67254    0.90134
     7        0    0    1    1     1      0.8459    0.92269    0.83465    0.87573    0.68858    0.90783
    17        1    0    0    0     1     0.84958    0.88504      0.906    0.88526     0.7373    0.83428
     9        0    1    0    0     1     0.86018    0.88493     0.8868    0.87851    0.77397    0.87667
    20        1    0    1    0     0     0.87312    0.92138    0.87984    0.89918    0.81369    0.85149
    18        1    0    0    1     0     0.87433    0.92083    0.88053    0.89915     0.8161    0.85505
    12        0    1    1    0     0     0.87999    0.92484    0.86006    0.90995    0.84904    0.85606
    10        0    1    0    1     0     0.88043    0.92577    0.86031    0.91189    0.84525    0.85892
    25        1    1    0    0     1      0.8842    0.89982    0.92335    0.90561     0.8046     0.8876
    22        1    0    1    1     0     0.88748    0.92869    0.88219    0.91142    0.83467    0.88045
    14        0    1    1    1     0     0.88792    0.93094    0.86805    0.91486    0.86158    0.86418
    21        1    0    1    0     1     0.89308    0.92966    0.91161    0.92574     0.8042    0.89421
    26        1    1    0    1     0     0.89331    0.92175    0.90367    0.91516    0.84908     0.8769
    28        1    1    1    0     0     0.89339    0.92362    0.90269    0.91548    0.84971    0.87547
    19        1    0    0    1     1     0.89363    0.92826    0.91289    0.92597    0.80587    0.89517
    30        1    1    1    1     0     0.90035    0.93131    0.90163    0.92263    0.86618    0.88001
    11        0    1    0    1     1     0.90067    0.93338    0.90999    0.91687    0.84363    0.89946
    13        0    1    1    0     1     0.90097    0.93487    0.91017    0.91679    0.84482     0.8982
    23        1    0    1    1     1     0.90168    0.93216    0.91297    0.93434    0.81929    0.90967
    15        0    1    1    1     1     0.90674    0.93994    0.91337    0.92388    0.85538    0.90116
    29        1    1    1    0     1     0.91049    0.93688    0.92912    0.93164    0.85048    0.90434
    27        1    1    0    1     1     0.91068    0.93798     0.9296    0.93196    0.84983    0.90404


 exp_id    G    F    coarse    fine    proxy    F1    O1    H1     mean       Drink      Smoke      Blow       Brush      Phone 
    ______    _    _    ______    ____    _____    __    __    __    _______    _______    _______    _______    _______    _______

    3         0    0    0         0       0        1     0     0     0.62431    0.62235    0.51024    0.78638    0.52207     0.6805
    6         0    0    1         0       0        0     0     0     0.63463    0.59309    0.69266    0.71267    0.54931     0.6254
    8         1    0    0         0       0        0     0     0     0.64595    0.60408    0.62418    0.79652    0.66497    0.54002
    5         0    0    0         1       0        0     0     0     0.66575    0.55786    0.81633    0.69435    0.51377    0.74645
    7         0    1    0         0       0        0     0     0     0.70016    0.65791    0.58568    0.83048    0.69308    0.73364
    1         0    0    0         0       0        0     0     1      0.7107     0.7142    0.63929    0.83978    0.61111     0.7491
    2         0    0    0         0       0        0     1     0     0.72186    0.76251    0.66003     0.8627    0.61427    0.70982
    4         0    0    0         0       1        0     0     0     0.72284    0.75258    0.63291    0.88211    0.63696    0.70964


  exp_id    G    F    coarse    fine    proxy    F1    O1    H1     mean       Drink      Smoke      Blow       Brush      Phone 
    ______    _    _    ______    ____    _____    __    __    __    _______    _______    _______    _______    _______    _______

    4         1    1    1         0       1        1     1     1     0.82617    0.82025    0.79371    0.91853    0.78274    0.81563
    1         0    1    1         1       1        1     1     1     0.84885    0.83625    0.88032    0.92458    0.77864    0.82448
    3         1    1    0         1       1        1     1     1     0.85164    0.84377    0.87017     0.9209    0.78849    0.83485
    2         1    0    1         1       1        1     1     1     0.85493    0.83984    0.89527    0.92011    0.78491    0.83449
    7         1    1    1         1       1        1     0     1     0.85752    0.83405    0.88741    0.91953    0.79875    0.84785
    6         1    1    1         1       1        0     1     1     0.85896    0.84102    0.88639    0.92484    0.79645    0.84609
    5         1    1    1         1       0        1     1     1     0.85929    0.83932    0.88921    0.92653    0.78816    0.85322
    8         1    1    1         1       1        1     1     0     0.86121    0.84218    0.89117    0.92595    0.79825    0.84847
    9         1    1    1         1       1        1     1     1     0.86132     0.8471     0.8891    0.92745    0.79711    0.84583

exp_id    G    F    coarse    fine    proxy     mean       Drink      Smoke      Blow       Brush      Phone 
    ______    _    _    ______    ____    _____    _______    _______    _______    _______    _______    _______

    4         1    1    1         0       1        0.81435    0.77884    0.81499    0.90036     0.7574    0.82015
    1         0    1    1         1       1        0.83172    0.81007    0.87139    0.89896     0.7412    0.83696
    2         1    0    1         1       1        0.84748    0.82391    0.90045    0.90739    0.77114    0.83454
    3         1    1    0         1       1        0.84749    0.82216    0.87214    0.90251    0.79113     0.8495
    5         1    1    1         1       0        0.84988    0.79964    0.89128    0.90977    0.79816    0.85054
    6         1    1    1         1       1        0.85619    0.82637    0.89535    0.90578     0.8064    0.84703
