132 36 54 50 4.83645 0
132 12 46 14 5.3071 0
132 4 46 6 5.3071 0
132 68 60 58 5.46621 0
132 20 50 30 5.28208 0
132 84 54 62 5.46621 0
132 92 54 70 5.46621 0
132 100 38 70 5.46621 0
132 108 38 78 5.46621 0
132 28 52 42 5.25465 0
132 116 38 86 5.46621 0
132 124 38 94 5.46621 0
140 12 54 14 5.3071 0
140 204 114 206 4.98113 0
140 228 110 230 4.93954 0
140 236 110 238 4.93954 0
140 4 54 6 5.3071 0
140 68 68 54 5.46621 0
140 76 66 62 5.46621 0
140 20 58 30 5.28208 0
140 92 62 70 5.46621 0
140 100 46 70 5.46621 0
140 108 46 78 5.46621 0
140 28 60 38 5.24667 0
140 116 46 86 5.46621 0
140 124 46 94 5.46621 0
36 132 6 214 5.45312 1
36 140 6 222 5.45312 1
36 148 6 230 5.45312 1
36 156 8 238 5.45312 1
36 164 14 246 5.45312 1
36 172 16 254 5.45312 1
36 180 22 262 5.45312 1
36 188 24 270 5.45312 1
36 12 40 302 5.34939 5
36 4 38 294 5.34939 5
36 20 46 310 5.34939 5
148 36 64 46 4.86207 0
148 148 102 150 4.93003 0
148 156 102 158 4.93003 0
148 12 62 14 5.3071 0
148 220 118 214 4.9741 0
148 4 62 6 5.3071 0
148 68 76 50 5.46621 0
148 92 70 70 5.46621 0
148 108 54 78 5.46621 0
148 28 64 36 5.20486 0
148 116 54 86 5.46621 0
148 124 54 94 5.46621 0
156 36 72 42 4.87242 0
156 148 110 150 4.93003 0
156 156 110 158 4.93003 0
156 12 70 14 5.3071 0
156 212 126 206 4.96229 0
156 220 126 216 4.96453 0
156 4 70 6 5.3071 0
156 68 84 46 5.46621 0
156 76 82 54 5.46621 0
156 20 70 26 5.25932 0
156 84 78 62 5.46621 0
156 92 78 70 5.46621 0
156 108 62 78 5.46621 0
156 116 62 86 5.46621 0
156 124 62 94 5.46621 0
164 172 150 178 4.55706 2
164 180 154 184 4.25654 2
164 196 152 194 4.81535 0
164 204 152 206 4.70616 0
164 212 154 214 4.89473 0
164 228 154 230 4.74031 0
164 4 78 0 5.26978 0
164 20 82 14 5.19974 0
164 100 86 86 5.46617 0
164 108 86 94 5.46617 0
164 116 86 102 5.46617 0
164 124 86 110 5.46617 0
172 36 94 32 4.87673 0
172 196 160 196 4.75524 0
172 204 160 204 4.78091 0
172 212 160 212 4.88142 0
172 220 158 218 4.89473 0
172 244 162 242 4.44317 0
172 252 166 250 4.49663 0
172 4 86 0 5.26978 0
172 20 90 14 5.19974 0
172 100 94 86 5.46617 0
172 108 94 94 5.46617 0
172 116 94 102 5.46617 0
172 124 94 110 5.46617 0
44 132 14 214 5.45312 1
44 140 14 222 5.45312 1
44 148 14 230 5.45312 1
44 164 22 246 5.45312 1
44 180 30 262 5.45312 1
44 4 46 294 5.34939 5
180 36 110 24 4.88569 0
180 156 162 176 4.56814 0
180 196 168 194 4.74796 0
180 204 168 204 4.77509 0
180 212 168 212 4.81255 0
180 244 170 244 4.57652 0
180 252 170 252 4.52618 0
180 4 94 0 5.26978 0
180 68 92 42 5.46621 0
180 92 86 62 5.46621 0
180 100 102 86 5.46617 0
180 108 102 94 5.46617 0
180 116 110 110 5.46606 0
180 124 110 118 5.46606 0
188 132 166 150 4.44481 0
188 36 114 22 4.87877 0
188 156 168 174 4.08285 0
188 164 172 166 3.9675 2
188 180 170 188 4.17483 2
188 204 176 204 4.75454 0
188 212 176 210 4.79987 0
188 220 176 220 4.72465 0
188 228 176 228 4.2238 0
188 236 178 236 4.42531 0
188 244 180 244 4.55948 0
188 252 180 252 4.58277 0
188 4 102 0 5.26978 0
188 68 100 38 5.46621 0
188 76 98 46 5.46621 0
188 84 94 54 5.46621 0
188 92 94 62 5.46621 0
188 100 110 86 5.46617 0
188 108 110 94 5.46617 0
188 28 112 14 5.0445 0
188 116 118 110 5.46606 0
188 124 122 122 5.46579 0
196 140 180 138 4.22097 0
196 148 178 148 4.3929 0
196 156 180 158 4.39306 0
196 164 182 170 4.2037 0
196 172 178 178 4.24804 0
196 188 182 190 4.09762 0
196 196 190 196 4.30781 2
196 204 186 204 4.32396 2
196 212 186 212 4.34197 2
196 220 184 220 4.32874 2
196 228 184 228 4.42691 2
196 236 186 236 4.42382 2
196 244 188 244 4.44507 2
196 252 188 254 4.41746 2
196 68 102 54 5.43628 0
196 76 102 62 5.43628 0
196 84 102 70 5.43628 0
196 92 102 78 5.43628 0
196 100 118 94 5.38199 0
196 108 118 102 5.38199 0
196 116 126 114 5.34488 0
196 124 128 124 5.30876 0
204 132 186 130 4.12726 0
204 140 186 138 4.19884 0
204 148 186 148 4.39251 0
204 156 190 154 4.36944 0
204 164 190 166 4.20353 0
204 172 186 176 4.2227 0
204 180 194 182 4.17143 0
204 188 194 190 4.08556 0
204 196 198 198 4.35782 2
204 204 194 202 4.36637 2
204 212 194 212 4.31272 2
204 220 192 218 4.24516 2
204 228 194 228 4.36448 2
204 236 194 234 4.42474 2
204 244 196 244 4.46053 2
204 252 196 252 4.4201 2
204 68 110 54 5.43628 0
204 76 110 62 5.43628 0
204 20 102 10 5.07161 0
204 84 110 70 5.43628 0
204 92 110 78 5.43628 0
204 100 126 94 5.38199 0
204 108 126 102 5.38199 0
204 124 136 124 5.28907 0
52 132 22 214 5.45312 1
52 140 22 222 5.45312 1
52 148 22 230 5.45312 1
52 156 22 238 5.45312 1
52 164 30 246 5.45312 1
52 172 30 254 5.45312 1
52 228 22 326 5.47745 1
52 236 22 334 5.47745 1
52 244 22 342 5.47745 1
52 252 22 350 5.47745 1
52 68 34 350 5.37457 4
212 132 198 132 4.21769 0
212 140 194 142 4.30487 0
212 148 194 148 4.38235 0
212 156 196 154 4.32883 0
212 164 198 166 4.17732 0
212 172 198 170 4.20939 0
212 180 202 182 4.10287 0
212 196 210 196 4.19042 2
212 204 210 204 4.20006 2
212 212 208 212 4.2984 2
212 220 210 218 4.17558 2
212 228 202 228 4.24457 2
212 236 202 236 4.29391 2
212 244 210 242 4.32743 2
212 252 210 250 4.34566 2
212 68 118 54 5.43628 0
212 76 118 62 5.43628 0
212 84 118 70 5.43628 0
212 92 118 78 5.43628 0
212 100 134 94 5.38199 0
212 108 134 102 5.38199 0
220 132 204 132 4.35139 0
220 140 204 140 4.35766 0
220 148 204 148 4.37597 0
220 156 206 158 4.34664 0
220 164 208 164 4.20422 0
220 172 210 172 4.25178 0
220 180 210 178 4.11325 0
220 188 206 190 4.16893 0
220 204 218 204 4.27661 2
220 212 218 212 4.31104 2
220 220 218 222 4.09589 2
220 244 218 238 4.26327 2
220 252 218 250 4.39048 2
220 4 110 0 5.17778 0
220 68 126 54 5.43628 0
220 76 126 62 5.43628 0
220 20 114 6 5.05614 0
220 84 126 70 5.43628 0
220 92 126 78 5.43628 0
220 100 142 94 5.38199 0
220 108 142 102 5.38199 0
220 116 150 116 5.2437 0
220 124 150 124 5.21593 0
228 132 214 132 4.21632 0
228 140 214 140 4.13381 0
228 148 218 148 4.14412 0
228 156 216 156 4.06772 0
228 164 218 162 4.17315 0
228 188 214 190 4.28665 0
228 196 230 194 4.22375 2
228 204 230 202 4.2125 2
228 212 236 218 4.27489 2
228 220 236 224 4.37618 2
228 236 240 238 4.28695 2
228 244 238 244 4.12655 2
228 68 134 54 5.43628 0
228 76 134 62 5.43628 0
228 84 134 70 5.43628 0
228 92 134 78 5.43628 0
228 100 150 94 5.4152 0
228 108 150 102 5.4152 0
228 116 158 116 5.35296 0
228 124 158 124 5.33841 0
236 132 218 130 4.18538 0
236 140 222 142 4.10057 0
236 156 224 158 4.08442 0
236 164 226 166 4.20133 0
236 172 226 172 4.18501 0
236 180 220 182 4.21803 0
236 188 222 192 4.27567 0
236 204 240 204 4.19675 2
236 52 116 30 5.15337 0
236 212 242 216 4.3038 2
236 220 242 224 4.32776 2
236 228 250 228 4.29621 2
236 236 248 236 4.31221 2
236 244 246 244 4.19908 2
236 68 142 54 5.43628 0
236 76 142 62 5.43628 0
236 84 142 70 5.43628 0
236 92 142 78 5.43628 0
236 100 158 94 5.4152 0
236 108 158 102 5.4152 0
236 116 166 116 5.37605 0
236 124 166 124 5.34226 0
60 132 30 214 5.45312 1
60 140 30 222 5.45312 1
60 148 30 230 5.45312 1
60 156 30 238 5.45312 1
60 164 38 246 5.45312 1
60 172 38 254 5.45312 1
60 180 38 262 5.45312 1
60 188 38 270 5.45312 1
60 228 30 330 5.47745 1
60 244 30 342 5.47745 1
60 252 30 350 5.47745 1
60 76 44 358 5.37457 4
60 84 38 358 5.37475 4
60 92 38 366 5.37475 4
244 132 230 130 3.48321 0
244 140 228 140 3.9665 0
244 148 226 150 3.96104 0
244 164 234 166 4.07598 0
244 172 232 178 4.10168 0
244 180 226 186 4.08531 0
244 196 258 196 4.38878 2
244 204 258 204 4.32765 2
244 212 254 214 4.30092 2
244 220 254 220 4.31024 2
244 228 256 228 4.2144 2
244 236 258 234 4.15725 2
244 244 258 240 4.1484 2
244 252 258 248 4.08602 2
244 68 150 54 5.43628 0
244 76 150 62 5.43628 0
244 84 150 70 5.43628 0
244 92 150 78 5.43628 0
244 100 166 94 5.4152 0
244 108 166 102 5.4152 0
244 28 170 232 4.48407 17
244 116 170 114 5.40079 0
244 124 174 124 5.39579 0
252 132 234 134 3.71112 0
252 140 234 142 3.97588 0
252 148 234 146 4.01156 0
252 164 242 170 4.00822 0
252 172 242 176 4.10781 0
252 180 230 182 4.13725 0
252 196 266 196 4.39333 2
252 204 266 202 4.28971 2
252 52 126 30 5.15337 0
252 212 262 212 4.33832 2
252 220 262 218 4.32026 2
252 228 264 226 4.23954 2
252 236 264 236 4.14609 2
252 244 266 240 4.11485 2
252 252 246 250 4.10558 0
252 4 126 0 5.04572 0
252 68 158 54 5.43628 0
252 76 158 62 5.43628 0
252 84 158 70 5.43628 0
252 92 158 78 5.43628 0
252 100 174 94 5.4152 0
252 108 174 102 5.4152 0
252 116 178 114 5.40079 0
252 124 182 124 5.36957 0
4 156 2 238 5.45244 1
4 196 0 294 5.47745 1
4 204 0 302 5.47745 1
4 212 0 310 5.47745 1
4 220 0 318 5.47745 1
4 228 0 326 5.47745 1
4 236 0 334 5.47745 1
4 244 0 342 5.47745 1
4 252 0 350 5.47745 1
68 76 42 334 4.89193 4
68 100 62 380 4.80414 5
76 172 46 346 4.96632 12
76 188 48 352 4.93434 12
76 196 30 316 5.02972 1
76 220 36 336 5.23746 1
76 68 46 322 5.02872 4
84 140 46 318 5.24685 12
84 148 54 338 5.23332 12
84 156 56 344 5.21564 12
84 196 38 316 5.01067 1
84 212 46 336 5.03563 1
84 220 50 346 5.0313 1
84 244 70 394 4.99061 12
92 212 54 334 5.163 1
92 244 78 392 5.04302 12
100 196 54 294 5.38892 1
100 204 54 302 5.38892 1
100 212 54 310 5.38892 1
100 220 54 318 5.38892 1
100 228 54 326 5.38892 1
100 236 56 334 5.38892 1
100 244 62 342 5.38892 1
100 252 64 350 5.38892 1
108 196 62 294 5.38892 1
108 204 62 302 5.38892 1
108 212 62 310 5.38892 1
108 220 62 318 5.38892 1
108 228 62 326 5.38892 1
108 244 70 342 5.38892 1
108 20 70 22 5.13339 0
108 28 72 32 5.11522 0
28 196 14 298 5.47745 1
28 212 14 310 5.47745 1
28 220 14 318 5.47745 1
28 228 14 326 5.47745 1
28 236 14 334 5.47745 1
28 244 14 342 5.47745 1
28 252 14 350 5.47745 1
116 196 70 294 5.38892 1
116 204 70 302 5.38892 1
116 212 70 310 5.38892 1
116 220 70 318 5.38892 1
116 228 70 326 5.38892 1
116 236 70 334 5.38892 1
116 68 102 342 5.26979 5
116 76 102 350 5.26979 5
116 84 102 358 5.26979 5
116 92 102 366 5.26979 5
124 196 78 294 5.38892 1
124 204 78 302 5.38892 1
124 212 78 310 5.38892 1
124 220 78 318 5.38892 1
124 228 78 326 5.38892 1
124 236 78 334 5.38892 1
124 244 78 342 5.38892 1
124 252 78 350 5.38892 1
124 68 110 342 5.26979 5
124 76 110 350 5.26979 5
124 84 110 358 5.26979 5
124 92 110 366 5.26979 5
124 100 110 374 5.26979 5
124 108 110 382 5.26979 5
124 116 110 390 5.26979 5
124 124 110 398 5.26979 5
