132 188 102 182 5.24908 0
132 52 22 22 5.74206 0
132 228 102 222 5.2438 0
132 236 102 230 5.2438 0
132 60 22 30 5.74206 0
132 244 102 238 5.2438 0
132 252 102 246 5.2438 0
132 4 6 0 5.74622 0
132 68 30 34 5.67026 0
132 76 34 42 5.63589 0
132 84 38 48 5.65916 0
132 100 30 58 5.7469 0
132 28 6 14 5.74622 0
132 116 22 70 5.7469 0
132 124 22 78 5.7469 0
140 188 110 182 5.24908 0
140 52 30 22 5.74206 0
140 228 110 222 5.2438 0
140 236 110 230 5.2438 0
140 60 30 30 5.74206 0
140 244 110 238 5.2438 0
140 252 110 246 5.2438 0
140 4 14 0 5.74622 0
140 68 38 38 5.65791 0
140 76 40 44 5.62098 0
140 100 36 56 5.7469 0
140 28 14 14 5.74622 0
140 116 30 70 5.7469 0
140 124 30 78 5.7469 0
36 244 6 358 5.49988 5
36 252 6 366 5.49988 5
36 100 332 378 5.53296 2
148 180 128 180 5.22935 0
148 188 128 188 5.22375 0
148 196 128 196 5.22314 0
148 52 46 22 5.73162 0
148 220 126 218 5.23613 0
148 228 126 226 5.2438 0
148 236 126 234 5.2438 0
148 60 46 32 5.73162 0
148 244 118 238 5.2438 0
148 252 118 246 5.2438 0
148 4 22 0 5.74622 0
148 76 54 44 5.6295 0
148 100 42 54 5.7469 0
148 28 22 14 5.74622 0
148 116 38 70 5.7469 0
148 124 38 78 5.7469 0
156 148 132 148 5.25656 0
156 156 132 156 5.25762 0
156 164 134 164 5.21831 0
156 172 134 172 5.21024 0
156 196 136 196 5.1944 0
156 204 136 204 5.22499 0
156 52 54 22 5.73162 0
156 212 136 212 5.23613 0
156 220 136 220 5.2316 0
156 228 136 228 5.2438 0
156 236 134 234 5.2438 0
156 60 58 32 5.70537 0
156 252 126 246 5.2438 0
156 4 30 0 5.74622 0
156 76 60 46 5.66417 0
156 108 46 62 5.7469 0
156 28 30 14 5.74622 0
156 116 46 70 5.7469 0
156 124 46 78 5.7469 0
164 132 134 130 5.12045 0
164 140 138 140 5.11735 0
164 148 140 148 5.02088 0
164 156 140 158 5.03473 0
164 172 142 166 4.43664 4
164 44 38 22 5.70608 0
164 228 144 228 5.09578 0
164 236 144 236 5.10824 0
164 4 38 0 5.74622 0
164 84 70 46 5.74287 0
164 100 54 54 5.7469 0
164 108 54 62 5.7469 0
164 28 38 14 5.74622 0
164 116 54 70 5.7469 0
164 124 54 78 5.7469 0
172 132 142 130 5.12045 0
172 140 146 140 5.09419 0
172 148 146 148 5.02509 0
172 156 146 156 5.02335 0
172 188 158 200 4.44709 0
172 196 148 196 4.74316 0
172 204 148 204 4.74946 0
172 212 150 212 4.74239 0
172 220 150 220 4.76162 0
172 236 152 236 5.0763 0
172 244 152 244 5.12945 0
172 4 46 0 5.74622 0
172 68 86 38 5.73273 0
172 84 78 46 5.74287 0
172 100 62 54 5.7469 0
172 108 62 62 5.7469 0
172 28 46 14 5.74622 0
172 116 62 70 5.7469 0
172 124 62 78 5.7469 0
44 212 22 326 5.47743 5
44 220 22 334 5.47743 5
44 244 14 358 5.49988 5
44 252 14 366 5.49988 5
44 100 338 376 5.53296 2
44 116 334 390 5.53296 2
44 124 334 398 5.52861 2
180 132 150 130 5.11925 0
180 148 152 148 4.86478 0
180 156 152 156 4.874 0
180 164 174 170 4.74139 0
180 44 54 32 5.67906 0
180 188 178 190 4.86398 0
180 212 156 212 4.70668 0
180 220 156 220 4.69652 0
180 228 158 230 4.882 0
180 4 54 0 5.74622 0
180 100 70 54 5.7469 0
180 108 70 62 5.7469 0
180 28 54 14 5.74622 0
180 116 70 70 5.7469 0
180 124 70 78 5.7469 0
188 140 158 140 5.11471 0
188 164 184 166 4.78022 0
188 44 64 32 5.64612 0
188 180 184 182 4.75063 0
188 188 184 194 4.82937 0
188 236 164 238 4.83076 0
188 244 164 244 5.10474 0
188 252 164 252 5.11746 0
188 4 62 0 5.74622 0
188 100 78 54 5.7469 0
188 108 78 62 5.7469 0
188 28 62 14 5.74622 0
188 116 78 70 5.7469 0
188 124 78 78 5.7469 0
196 132 186 134 5.19181 1
196 140 188 144 5.19073 1
196 36 86 22 5.62616 0
196 164 192 164 5.09645 1
196 172 192 172 5.06948 1
196 44 90 28 5.59814 0
196 180 194 180 5.08026 1
196 188 196 190 5.08091 1
196 196 196 196 5.08662 1
196 204 194 204 5.08309 1
196 212 194 212 5.06586 1
196 220 194 220 5.06966 1
196 228 196 228 4.9823 1
196 236 196 236 5.02475 1
196 244 198 244 4.75175 1
196 4 86 0 5.71778 0
196 68 100 34 5.76386 0
196 84 94 38 5.76386 0
196 92 94 46 5.76386 0
196 108 86 46 5.76386 0
196 28 90 14 5.71775 0
196 116 86 54 5.76386 0
196 124 86 62 5.76386 0
204 140 194 142 5.19177 1
204 36 98 22 5.60156 0
204 148 198 148 5.09361 1
204 156 198 156 5.09708 1
204 172 202 172 5.07355 1
204 44 96 30 5.61616 0
204 180 204 180 5.07702 1
204 188 204 190 5.07222 1
204 196 204 196 5.07869 1
204 204 202 204 5.08936 1
204 212 202 212 5.08514 1
204 220 202 220 5.08836 1
204 228 202 228 5.0239 1
204 236 204 236 4.99981 1
204 244 204 244 4.83495 1
204 252 204 252 4.80854 1
204 4 94 0 5.71778 0
204 68 106 32 5.76386 0
204 92 102 46 5.76386 0
204 28 100 14 5.71769 0
204 116 94 54 5.76386 0
204 124 94 62 5.76386 0
52 172 30 336 5.33672 21
52 228 22 346 5.49988 5
52 236 22 354 5.49988 5
52 252 22 366 5.49988 5
52 100 344 374 5.53296 2
52 116 58 28 5.36649 12
212 140 198 134 5.19226 1
212 148 206 148 5.13353 1
212 156 206 156 5.13007 1
212 164 206 164 5.07217 1
212 180 214 180 5.09453 1
212 188 214 188 5.10762 1
212 196 214 196 5.08017 1
212 204 210 204 5.06961 1
212 212 212 212 5.0351 1
212 220 214 220 5.0556 1
212 228 212 228 5.01294 1
212 236 212 236 5.01168 1
212 244 210 244 4.98359 1
212 252 208 252 4.93999 1
212 4 102 0 5.71778 0
212 68 122 26 5.76386 0
212 76 118 30 5.76386 0
212 92 110 46 5.76386 0
212 28 106 16 5.65908 0
212 116 102 54 5.76386 0
212 124 102 62 5.76386 0
220 140 206 134 5.19226 1
220 36 122 22 5.6618 0
220 148 216 148 5.11454 1
220 156 216 156 5.11952 1
220 164 216 164 5.06119 1
220 172 216 172 5.06569 1
220 180 222 180 5.08898 1
220 188 222 188 5.09448 1
220 196 222 196 5.08179 1
220 204 220 204 5.07001 1
220 212 222 212 5.05973 1
220 220 222 220 5.05422 1
220 228 220 228 4.99863 1
220 236 220 236 4.99886 1
220 244 218 246 4.94563 1
220 252 216 252 5.00357 1
220 4 110 0 5.71778 0
220 68 128 24 5.76386 0
220 20 116 10 5.68561 0
220 84 118 38 5.76386 0
220 92 118 46 5.76386 0
220 28 118 16 5.64126 0
220 116 110 54 5.76386 0
220 124 110 62 5.76386 0
228 140 214 134 5.09923 1
228 196 230 196 4.93478 1
228 204 230 204 4.90054 1
228 212 238 212 4.90728 1
228 220 234 220 4.9462 1
228 228 232 228 4.95941 1
228 236 230 234 4.94667 1
228 244 226 244 5.05131 1
228 252 224 252 5.05473 1
228 68 146 18 5.76386 0
228 76 142 22 5.76386 0
228 20 120 12 5.59306 0
228 84 134 22 5.76386 0
228 116 118 54 5.76386 0
228 124 118 62 5.76386 0
236 140 222 134 5.09923 1
236 148 228 150 4.93615 1
236 156 226 156 4.89965 1
236 164 226 162 4.6422 1
236 172 230 172 4.64455 1
236 180 230 182 4.74078 1
236 188 226 190 4.76178 1
236 196 240 196 4.89474 1
236 204 242 206 4.91584 1
236 212 244 214 4.94512 1
236 220 246 220 4.95173 1
236 228 242 228 4.9791 1
236 236 238 236 4.93844 1
236 244 232 244 5.02029 1
236 252 232 252 5.0525 1
236 4 118 0 5.6831 0
236 68 152 16 5.76386 0
236 20 128 14 5.59169 0
236 92 142 30 5.76386 0
236 100 126 38 5.76386 0
236 108 126 46 5.76386 0
236 116 126 54 5.76386 0
236 124 126 62 5.76386 0
60 188 36 352 5.33843 21
60 228 30 350 5.49988 5
60 236 30 354 5.49988 5
60 252 30 366 5.49988 5
60 108 350 382 5.53296 2
60 116 64 30 5.33953 12
244 140 230 134 5.09923 1
244 164 236 162 4.64003 1
244 180 242 182 4.75802 1
244 188 242 190 4.7366 1
244 12 136 8 5.60963 0
244 196 248 196 5.02568 1
244 204 250 204 5.01519 1
244 212 250 212 4.88544 1
244 220 250 220 4.83022 1
244 236 246 238 4.86458 1
244 252 240 252 4.96604 1
244 4 134 2 5.64768 0
244 68 158 14 5.76386 0
244 92 150 30 5.76386 0
244 100 134 38 5.76386 0
244 108 134 46 5.76386 0
244 116 134 54 5.76386 0
244 124 134 62 5.76386 0
252 140 238 134 5.09923 1
252 148 238 146 4.90861 1
252 172 242 166 4.6352 1
252 180 248 186 4.76212 1
252 196 256 196 4.97575 1
252 228 250 228 4.94745 1
252 236 250 236 4.90061 1
252 244 246 244 4.99676 1
252 4 144 2 5.63262 0
252 68 164 12 5.76386 0
252 76 162 18 5.76386 0
252 92 158 30 5.76386 0
252 100 142 38 5.76386 0
252 108 142 46 5.76386 0
252 116 142 54 5.76386 0
252 124 142 62 5.76386 0
4 204 0 302 5.49988 5
4 52 0 22 5.73455 0
4 220 0 318 5.49988 5
4 228 0 326 5.49988 5
4 236 0 334 5.49988 5
4 60 0 30 5.73455 0
4 244 0 342 5.49988 5
4 252 0 350 5.49988 5
4 116 0 70 5.63416 0
4 124 0 78 5.63416 0
68 132 0 166 5.67314 0
68 140 0 174 5.67314 0
68 148 0 182 5.67314 0
68 156 0 190 5.67314 0
68 164 0 206 5.66888 0
68 172 0 214 5.66888 0
68 180 6 230 5.64955 0
68 188 6 240 5.63989 0
68 204 4 256 5.60504 0
68 228 0 274 5.64554 0
68 244 0 286 5.64568 0
68 252 0 294 5.64568 0
68 100 10 38 5.63481 0
68 108 10 46 5.63392 0
68 116 6 54 5.5542 0
68 124 6 62 5.55301 0
76 188 14 242 5.65817 0
76 204 12 258 5.60248 0
76 220 12 280 5.61744 0
76 228 8 278 5.64518 0
76 100 18 38 5.63481 0
76 108 20 46 5.59719 0
76 116 14 56 5.54957 0
20 204 6 306 5.49988 5
20 108 14 66 5.63416 0
84 164 14 206 5.66888 0
84 172 14 214 5.66888 0
84 180 14 222 5.66888 0
84 188 14 230 5.66888 0
84 212 20 270 5.62815 0
84 220 20 280 5.62517 0
84 252 10 294 5.63169 0
84 100 30 40 5.59617 0
84 124 22 62 5.64681 0
92 132 14 166 5.67314 0
92 140 14 174 5.67314 0
92 148 14 182 5.67314 0
92 156 14 190 5.67314 0
92 188 22 230 5.66888 0
92 244 20 290 5.61656 0
100 132 22 166 5.67314 0
100 140 22 174 5.67314 0
100 148 22 182 5.67314 0
100 156 22 190 5.67314 0
100 164 22 198 5.67314 0
100 172 22 206 5.67314 0
100 180 22 214 5.67314 0
100 188 22 222 5.67314 0
100 204 22 238 5.66063 0
100 52 358 310 5.61345 2
100 212 22 246 5.66063 0
100 220 22 254 5.66063 0
100 228 22 262 5.65728 0
100 236 24 270 5.65728 0
100 252 24 290 5.63375 0
100 84 42 26 5.64403 0
108 132 30 166 5.67314 0
108 140 30 174 5.67314 0
108 148 30 182 5.67314 0
108 156 30 190 5.67314 0
108 164 30 198 5.67314 0
108 172 30 206 5.67314 0
108 44 62 22 5.71123 0
108 180 30 214 5.67314 0
108 188 30 222 5.67314 0
108 196 30 230 5.66063 0
108 204 30 238 5.66063 0
108 212 30 246 5.66063 0
108 220 30 254 5.66063 0
108 228 30 262 5.65728 0
108 244 30 278 5.64889 0
108 252 30 286 5.64889 0
108 84 54 30 5.644 0
28 196 14 302 5.49988 5
28 204 14 306 5.49988 5
28 52 14 22 5.73455 0
28 220 14 318 5.49988 5
28 228 14 326 5.49988 5
28 236 14 334 5.49988 5
28 60 14 30 5.73455 0
28 244 14 342 5.49988 5
28 252 14 350 5.49988 5
28 124 14 78 5.63416 0
116 132 38 166 5.67314 0
116 140 38 174 5.67314 0
116 36 70 14 5.71059 0
116 148 38 182 5.67314 0
116 156 38 190 5.67314 0
116 164 38 198 5.67314 0
116 172 38 206 5.67314 0
116 44 70 22 5.71059 0
116 180 38 214 5.67314 0
116 188 38 222 5.67314 0
116 196 38 230 5.66063 0
116 204 38 238 5.66063 0
116 212 38 246 5.66063 0
116 220 38 254 5.66063 0
116 228 38 262 5.65728 0
116 236 38 270 5.65728 0
116 244 38 278 5.65728 0
116 252 38 286 5.65728 0
124 132 46 166 5.67314 0
124 140 46 174 5.67314 0
124 36 78 14 5.71059 0
124 148 46 182 5.67314 0
124 156 46 190 5.67314 0
124 164 46 198 5.67314 0
124 172 46 206 5.67314 0
124 44 78 22 5.70896 0
124 180 46 214 5.67314 0
124 188 46 222 5.67314 0
124 196 46 230 5.66063 0
124 204 46 238 5.66063 0
124 212 46 246 5.66063 0
124 220 46 254 5.66063 0
124 228 46 262 5.65728 0
124 236 46 270 5.65728 0
124 244 46 278 5.65728 0
124 252 46 286 5.65728 0
124 76 74 24 5.66565 0
