132 36 102 294 5.89443 0
132 44 102 302 5.89443 0
132 12 102 270 5.89443 0
132 52 102 310 5.89443 0
132 236 130 254 4.36292 10
132 60 102 318 5.89443 0
132 4 102 262 5.89443 0
132 68 118 326 5.89443 0
132 76 118 334 5.89443 0
132 20 102 278 5.89443 0
132 84 118 342 5.89443 0
132 92 118 350 5.89443 0
132 100 134 358 5.89443 0
132 108 134 366 5.89443 0
132 28 102 286 5.89443 0
132 116 138 374 5.89443 0
132 124 140 382 5.89443 0
140 36 110 294 5.89443 0
140 44 110 302 5.89443 0
140 12 110 270 5.89443 0
140 196 134 166 4.60572 15
140 52 110 310 5.89443 0
140 220 136 194 4.31527 18
140 228 138 250 4.1195 10
140 236 138 258 4.31604 10
140 60 110 318 5.89443 0
140 4 110 262 5.89443 0
140 68 126 326 5.89443 0
140 76 126 334 5.89443 0
140 20 110 278 5.89443 0
140 84 126 342 5.89443 0
140 92 126 350 5.89443 0
140 100 142 358 5.89443 0
140 108 142 366 5.89443 0
140 28 110 286 5.89443 0
140 116 146 374 5.89443 0
140 124 146 382 5.89443 0
36 132 294 38 5.89215 5
36 140 294 46 5.89215 5
36 148 294 54 5.89215 5
36 156 294 62 5.89215 5
36 164 294 70 5.89215 5
36 172 294 78 5.89215 5
36 180 294 86 5.89215 5
36 188 294 94 5.89215 5
36 68 22 262 5.89443 0
36 76 22 270 5.89443 0
36 84 22 278 5.89443 0
36 92 22 286 5.89443 0
148 36 118 294 5.89443 0
148 44 118 302 5.89443 0
148 12 118 270 5.89443 0
148 196 142 166 4.40479 15
148 52 118 310 5.89443 0
148 236 144 258 4.34382 10
148 60 118 318 5.89443 0
148 244 134 266 4.60665 10
148 4 118 262 5.89443 0
148 68 134 326 5.89443 0
148 76 134 334 5.89443 0
148 20 118 278 5.89443 0
148 84 134 342 5.89443 0
148 92 134 350 5.89443 0
148 100 150 358 5.89443 0
148 108 150 366 5.89443 0
148 28 118 286 5.89443 0
156 36 126 294 5.89443 0
156 44 126 302 5.89443 0
156 12 126 270 5.89443 0
156 204 150 176 3.93329 15
156 52 126 310 5.89443 0
156 228 150 252 4.34081 10
156 60 126 318 5.89443 0
156 244 146 268 4.44139 10
156 252 144 274 4.56579 10
156 4 126 262 5.89443 0
156 68 142 326 5.89443 0
156 76 142 334 5.89443 0
156 20 126 278 5.89443 0
156 84 142 342 5.89443 0
156 92 142 350 5.89443 0
156 100 158 358 5.89443 0
156 108 158 366 5.89443 0
156 28 126 286 5.89443 0
156 116 158 374 5.89443 0
156 124 158 382 5.89443 0
164 132 134 134 5.13543 10
164 140 134 142 5.13543 10
164 172 152 174 4.64331 10
164 44 134 302 5.89443 0
164 180 148 186 4.75764 10
164 12 134 282 5.89443 0
164 196 178 210 4.29421 10
164 52 134 310 5.89443 0
164 220 166 222 4.4374 10
164 228 166 226 4.28808 15
164 236 166 234 4.30111 15
164 60 134 318 5.89443 0
164 244 158 256 4.30649 10
164 4 134 274 5.89443 0
164 68 150 326 5.89443 0
164 76 150 334 5.89443 0
164 84 150 342 5.89443 0
164 92 150 350 5.89443 0
164 28 134 294 5.89443 0
172 132 142 134 5.13543 10
172 140 142 142 5.13543 10
172 148 150 150 5.09699 10
172 172 162 174 4.73818 10
172 44 142 302 5.89443 0
172 180 158 184 4.63498 10
172 188 158 194 4.62811 10
172 12 142 282 5.89443 0
172 52 142 310 5.89443 0
172 212 174 214 4.40765 10
172 220 176 222 4.41731 10
172 228 174 226 4.30143 15
172 236 170 234 4.32197 15
172 60 142 318 5.89443 0
172 252 166 250 4.23196 15
172 4 142 278 5.89443 0
172 68 158 326 5.89443 0
172 76 158 334 5.89443 0
172 84 158 342 5.89443 0
172 92 158 350 5.89443 0
172 28 142 294 5.89443 0
44 132 302 40 5.89215 5
44 148 302 54 5.89215 5
44 156 302 62 5.89215 5
44 164 302 70 5.89215 5
44 172 302 78 5.89215 5
44 180 302 86 5.89215 5
44 188 302 94 5.89215 5
44 68 30 262 5.89443 0
44 76 30 270 5.89443 0
44 84 30 278 5.89443 0
44 92 30 286 5.89443 0
44 100 30 294 5.89443 0
44 108 30 302 5.89443 0
44 116 30 310 5.89443 0
44 124 30 318 5.89443 0
180 132 154 138 5.08533 10
180 140 154 146 5.08533 10
180 156 156 166 4.91982 10
180 172 168 172 4.67954 10
180 44 150 302 5.89443 0
180 188 162 184 4.63542 10
180 196 190 210 4.39001 10
180 204 186 216 4.3274 10
180 52 150 310 5.89443 0
180 228 178 224 4.24912 15
180 236 176 234 4.27403 15
180 60 150 318 5.89443 0
180 244 174 246 4.34028 10
180 252 174 254 4.23953 10
180 4 150 280 5.89443 0
180 68 166 326 5.89443 0
180 76 166 334 5.89443 0
180 84 166 342 5.89443 0
180 92 166 350 5.89443 0
180 100 166 358 5.89443 0
180 108 166 366 5.89443 0
180 28 150 294 5.89443 0
180 116 166 374 5.89443 0
180 124 166 382 5.89443 0
188 132 166 142 5.05327 10
188 140 166 148 4.99092 10
188 156 164 166 4.87214 10
188 164 174 162 4.6435 10
188 172 176 170 4.56657 10
188 44 158 302 5.89443 0
188 180 166 178 4.69098 10
188 12 158 286 5.89443 0
188 52 158 310 5.89443 0
188 236 186 234 4.23965 15
188 60 158 318 5.89443 0
188 244 182 250 4.25579 10
188 252 186 256 4.35183 10
188 4 158 278 5.89443 0
188 68 174 326 5.89443 0
188 76 174 334 5.89443 0
188 84 174 342 5.89443 0
188 92 174 350 5.89443 0
188 100 174 358 5.89443 0
188 108 174 366 5.89443 0
188 28 158 294 5.89443 0
188 116 174 374 5.89443 0
188 124 174 382 5.89443 0
12 132 270 38 5.89215 5
12 140 270 46 5.89215 5
12 148 270 54 5.89215 5
12 156 270 62 5.89215 5
12 164 270 70 5.89215 5
12 172 270 78 5.89215 5
12 180 270 86 5.89215 5
12 188 270 94 5.89215 5
12 196 318 102 5.89215 5
12 204 318 110 5.89215 5
12 212 318 118 5.89215 5
12 220 318 126 5.89215 5
12 228 318 146 5.89215 5
12 252 318 158 5.89215 5
12 116 10 310 5.89443 0
12 124 10 318 5.89443 0
196 132 184 132 4.56221 10
196 140 186 140 4.4306 10
196 36 182 310 5.89443 0
196 172 198 172 4.40418 10
196 44 182 318 5.89443 0
196 180 200 180 4.64657 10
196 188 202 188 4.68402 10
196 12 206 310 5.89443 0
196 196 202 196 4.89795 10
196 204 200 204 4.86222 10
196 52 182 326 5.89443 0
196 212 198 212 4.84754 10
196 220 198 220 4.87186 10
196 228 198 228 4.72466 10
196 236 198 234 4.75778 10
196 60 182 334 5.89443 0
196 244 198 246 4.75816 10
196 4 210 306 5.89443 0
196 20 198 310 5.89443 0
196 28 198 318 5.89443 0
196 116 166 390 5.89443 0
196 124 166 398 5.89443 0
204 140 194 140 4.52774 10
204 36 190 310 5.89443 0
204 148 184 150 4.41769 11
204 156 186 154 4.40443 11
204 172 206 172 4.42577 10
204 44 190 318 5.89443 0
204 180 208 180 4.68588 10
204 188 210 188 4.69806 10
204 196 210 196 4.89275 10
204 204 210 204 4.86496 10
204 52 190 326 5.89443 0
204 212 204 212 4.81874 10
204 220 204 220 4.7908 10
204 228 202 226 4.7227 10
204 236 206 236 4.77001 10
204 60 190 334 5.89443 0
204 244 208 242 4.73066 10
204 252 206 252 4.73005 10
204 28 206 318 5.89443 0
204 116 174 390 5.89443 0
52 132 310 46 5.89215 5
52 140 310 54 5.89215 5
52 36 22 230 5.89443 0
52 156 310 62 5.89215 5
52 164 310 70 5.89215 5
52 172 310 78 5.89215 5
52 44 22 238 5.89443 0
52 180 310 86 5.89215 5
52 188 310 94 5.89215 5
52 12 22 206 5.89443 0
52 52 22 246 5.89443 0
52 60 22 254 5.89443 0
52 244 342 150 5.89215 5
52 252 342 158 5.89215 5
52 4 22 198 5.89443 0
52 68 38 262 5.89443 0
52 76 38 270 5.89443 0
52 20 22 214 5.89443 0
52 84 38 278 5.89443 0
52 92 38 286 5.89443 0
52 100 38 294 5.89443 0
52 108 38 302 5.89443 0
52 28 22 222 5.89443 0
52 116 38 310 5.89443 0
52 124 38 318 5.89443 0
212 132 198 132 4.56432 10
212 140 200 140 4.53898 10
212 148 200 148 4.47857 10
212 156 202 156 4.39391 10
212 164 214 164 4.56133 10
212 172 212 172 4.51839 10
212 188 218 188 4.70616 10
212 196 218 196 4.94464 10
212 204 218 204 4.93574 10
212 52 198 326 5.89443 0
212 212 216 210 4.71316 10
212 220 214 220 4.63405 10
212 228 210 226 4.70493 10
212 236 212 238 4.80852 10
212 60 198 334 5.89443 0
212 252 212 252 4.68783 10
212 4 224 294 5.89443 0
212 84 182 342 5.89443 0
212 92 182 350 5.89443 0
212 100 182 366 5.89443 0
212 108 182 374 5.89443 0
212 28 214 318 5.89443 0
212 116 182 390 5.89443 0
220 132 206 132 4.64242 10
220 140 208 140 4.61546 10
220 148 208 148 4.51805 10
220 156 210 154 4.45622 10
220 164 220 162 4.48955 10
220 172 222 172 4.59088 10
220 180 224 178 4.69258 10
220 188 226 188 4.67147 10
220 196 224 196 4.90763 10
220 204 226 204 4.90305 10
220 52 206 326 5.89443 0
220 220 222 218 4.60767 10
220 228 218 228 4.79524 10
220 236 218 236 4.80143 10
220 60 206 334 5.89443 0
220 244 218 244 4.7074 10
220 252 218 252 4.75462 10
220 4 230 296 5.89443 0
220 20 222 310 5.89443 0
220 84 190 342 5.89443 0
220 92 190 350 5.89443 0
220 100 190 366 5.89443 0
220 108 190 374 5.89443 0
220 28 222 318 5.89443 0
220 116 190 390 5.89443 0
220 124 190 398 5.89443 0
228 132 214 132 4.54614 10
228 156 226 158 4.12305 10
228 164 224 162 4.35203 10
228 196 232 194 4.75085 10
228 204 232 204 4.77075 10
228 52 214 326 5.89443 0
228 212 230 214 4.83796 10
228 220 228 220 4.84396 10
228 228 226 228 4.92199 10
228 236 224 236 4.95422 10
228 60 214 334 5.89443 0
228 244 224 244 4.93154 10
228 252 224 252 4.93292 10
228 84 198 342 5.89443 0
228 92 198 350 5.89443 0
228 100 198 366 5.89443 0
228 108 198 374 5.89443 0
228 116 198 382 5.89443 0
228 124 198 390 5.89443 0
236 132 222 134 4.38086 10
236 140 224 142 4.42927 10
236 148 234 148 4.24612 10
236 156 234 156 4.33287 10
236 172 230 170 4.37076 10
236 52 222 326 5.89443 0
236 212 234 210 4.82784 10
236 220 236 218 4.82486 10
236 228 234 228 4.93984 10
236 236 232 236 4.9446 10
236 60 222 334 5.89443 0
236 244 232 244 4.96055 10
236 252 232 252 4.93485 10
236 84 206 342 5.89443 0
236 92 206 350 5.89443 0
236 100 206 366 5.89443 0
236 108 206 374 5.89443 0
236 116 206 382 5.89443 0
236 124 206 390 5.89443 0
60 132 318 48 5.89215 5
60 36 30 230 5.89443 0
60 156 318 62 5.89215 5
60 164 318 70 5.89215 5
60 172 318 78 5.89215 5
60 44 30 238 5.89443 0
60 180 318 86 5.89215 5
60 188 318 94 5.89215 5
60 12 30 206 5.89443 0
60 52 30 246 5.89443 0
60 212 350 118 5.89215 5
60 220 350 126 5.89215 5
60 228 350 134 5.89215 5
60 236 350 142 5.89215 5
60 60 30 254 5.89443 0
60 244 350 150 5.89215 5
60 252 350 158 5.89215 5
60 4 30 198 5.89443 0
60 68 46 262 5.89443 0
60 76 46 270 5.89443 0
60 20 30 214 5.89443 0
60 84 46 278 5.89443 0
60 92 46 286 5.89443 0
60 100 46 294 5.89443 0
60 108 46 302 5.89443 0
60 28 30 222 5.89443 0
60 116 46 310 5.89443 0
60 124 46 318 5.89443 0
244 132 232 132 4.24806 10
244 140 234 140 4.402 10
244 156 242 156 4.56214 10
244 164 236 164 4.4566 10
244 172 236 172 4.57225 10
244 44 230 318 5.89443 0
244 180 236 182 4.54239 10
244 188 238 190 4.4494 10
244 196 242 196 4.88997 10
244 204 242 204 4.86444 10
244 52 230 326 5.89443 0
244 212 240 210 4.88076 10
244 220 242 220 4.8966 10
244 228 244 228 4.93331 10
244 236 244 234 4.86228 10
244 60 230 334 5.89443 0
244 252 240 252 4.8635 10
244 84 214 342 5.89443 0
244 92 214 350 5.89443 0
244 100 214 366 5.89443 0
244 108 214 374 5.89443 0
244 28 230 310 5.89443 0
244 116 214 390 5.89443 0
244 124 214 398 5.89443 0
252 140 240 140 4.33743 10
252 148 246 148 4.55385 10
252 164 244 164 4.5267 10
252 172 244 172 4.55427 10
252 44 238 318 5.89443 0
252 180 244 180 4.52318 10
252 188 242 190 4.5057 10
252 196 248 196 4.86274 10
252 204 250 204 4.8935 10
252 52 238 326 5.89443 0
252 212 248 210 4.87418 10
252 220 250 220 4.88837 10
252 228 250 228 4.93443 10
252 236 250 234 4.92185 10
252 60 238 334 5.89443 0
252 244 246 244 4.77913 10
252 252 250 252 4.8676 10
252 4 238 298 5.89443 0
252 84 222 342 5.89443 0
252 92 222 350 5.89443 0
252 100 222 366 5.89443 0
252 108 222 374 5.89443 0
252 28 238 310 5.89443 0
252 116 222 390 5.89443 0
252 124 398 398 5.89241 4
4 132 262 38 5.89215 5
4 140 262 46 5.89215 5
4 36 0 230 5.89443 0
4 148 262 54 5.89215 5
4 156 262 62 5.89215 5
4 164 262 70 5.89215 5
4 172 262 78 5.89215 5
4 44 0 238 5.89443 0
4 180 262 86 5.89215 5
4 188 262 94 5.89215 5
4 12 0 206 5.89443 0
4 196 310 102 5.89215 5
4 204 310 110 5.89215 5
4 52 0 246 5.89443 0
4 212 310 118 5.89215 5
4 220 310 126 5.89215 5
4 228 312 142 5.89215 5
4 236 310 150 5.89215 5
4 60 0 254 5.89443 0
4 252 310 158 5.89215 5
4 4 0 198 5.89443 0
4 68 0 262 5.89443 0
4 76 0 270 5.89443 0
4 20 0 214 5.89443 0
4 84 0 278 5.89443 0
4 92 0 286 5.89443 0
4 100 0 294 5.89443 0
4 108 0 302 5.89443 0
4 28 0 222 5.89443 0
4 116 2 310 5.89443 0
4 124 6 318 5.89443 0
68 132 326 54 5.89215 5
68 140 326 62 5.89215 5
68 36 38 230 5.89443 0
68 148 326 70 5.89215 5
68 156 326 78 5.89215 5
68 164 326 86 5.89215 5
68 172 326 94 5.89215 5
68 44 38 238 5.89443 0
68 180 326 102 5.89215 5
68 188 326 110 5.89215 5
68 12 38 206 5.89443 0
68 52 38 246 5.89443 0
68 60 38 254 5.89443 0
68 4 38 198 5.89443 0
68 20 38 214 5.89443 0
68 28 38 222 5.89443 0
76 132 334 56 5.89215 5
76 36 46 230 5.89443 0
76 148 334 70 5.89215 5
76 156 334 78 5.89215 5
76 164 334 86 5.89215 5
76 172 334 94 5.89215 5
76 44 46 238 5.89443 0
76 180 334 102 5.89215 5
76 188 334 110 5.89215 5
76 12 46 206 5.89443 0
76 52 46 246 5.89443 0
76 60 46 254 5.89443 0
76 4 46 198 5.89443 0
76 20 46 214 5.89443 0
76 28 46 222 5.89443 0
20 132 278 38 5.89215 5
20 140 278 46 5.89215 5
20 148 278 54 5.89215 5
20 156 278 62 5.89215 5
20 164 278 70 5.89215 5
20 172 278 78 5.89215 5
20 180 278 86 5.89215 5
20 188 278 94 5.89215 5
20 212 330 118 5.89215 5
20 220 334 126 5.89215 5
20 228 338 134 5.89215 5
20 236 338 142 5.89215 5
20 244 326 150 5.89215 5
20 252 326 158 5.89215 5
20 100 14 294 5.89443 0
20 108 14 302 5.89443 0
84 132 342 58 5.89215 5
84 140 342 66 5.89215 5
84 36 54 230 5.89443 0
84 156 342 78 5.89215 5
84 164 342 86 5.89215 5
84 172 342 94 5.89215 5
84 44 54 238 5.89443 0
84 180 342 102 5.89215 5
84 188 342 110 5.89215 5
84 12 54 206 5.89443 0
84 52 54 246 5.89443 0
84 60 54 254 5.89443 0
84 4 54 198 5.89443 0
84 68 54 262 5.89443 0
84 76 54 270 5.89443 0
84 20 54 214 5.89443 0
84 84 54 278 5.89443 0
84 92 54 286 5.89443 0
84 100 54 294 5.89443 0
84 108 54 302 5.89443 0
84 28 54 222 5.89443 0
84 116 54 310 5.89443 0
84 124 54 318 5.89443 0
92 132 350 62 5.89215 5
92 140 350 66 5.89215 5
92 36 62 230 5.89443 0
92 156 350 78 5.89215 5
92 164 350 86 5.89215 5
92 172 350 94 5.89215 5
92 44 62 238 5.89443 0
92 180 350 102 5.89215 5
92 188 350 110 5.89215 5
92 12 62 206 5.89443 0
92 52 62 246 5.89443 0
92 60 62 254 5.89443 0
92 4 62 198 5.89443 0
92 68 62 262 5.89443 0
92 76 62 270 5.89443 0
92 20 62 214 5.89443 0
92 84 62 278 5.89443 0
92 92 62 286 5.89443 0
92 100 62 294 5.89443 0
92 108 62 302 5.89443 0
92 28 62 222 5.89443 0
92 116 62 310 5.89443 0
92 124 62 318 5.89443 0
100 132 358 70 5.89215 5
100 140 358 78 5.89215 5
100 36 70 230 5.89443 0
100 148 358 86 5.89215 5
100 156 358 94 5.89215 5
100 44 70 238 5.89443 0
100 180 358 102 5.89215 5
100 188 358 110 5.89215 5
100 12 70 206 5.89443 0
100 52 70 246 5.89443 0
100 212 358 118 5.89215 5
100 220 358 126 5.89215 5
100 228 358 134 5.89215 5
100 236 358 142 5.89215 5
100 60 70 254 5.89443 0
100 244 358 150 5.89215 5
100 252 358 158 5.89215 5
100 4 70 198 5.89443 0
100 68 70 262 5.89443 0
100 76 70 270 5.89443 0
100 20 70 214 5.89443 0
100 84 70 278 5.89443 0
100 92 70 286 5.89443 0
100 100 70 294 5.89443 0
100 108 70 302 5.89443 0
100 28 70 222 5.89443 0
100 116 70 310 5.89443 0
100 124 70 318 5.89443 0
108 132 366 70 5.89215 5
108 140 366 78 5.89215 5
108 36 78 230 5.89443 0
108 148 366 86 5.89215 5
108 156 366 94 5.89215 5
108 44 78 238 5.89443 0
108 180 366 102 5.89215 5
108 188 366 110 5.89215 5
108 12 78 206 5.89443 0
108 52 78 246 5.89443 0
108 212 366 118 5.89215 5
108 220 366 126 5.89215 5
108 228 366 134 5.89215 5
108 236 366 142 5.89215 5
108 60 78 254 5.89443 0
108 244 366 150 5.89215 5
108 252 366 158 5.89215 5
108 4 78 198 5.89443 0
108 68 78 262 5.89443 0
108 76 78 270 5.89443 0
108 20 78 214 5.89443 0
108 84 78 278 5.89443 0
108 92 78 286 5.89443 0
108 100 78 294 5.89443 0
108 108 78 302 5.89443 0
108 28 78 222 5.89443 0
108 116 78 310 5.89443 0
108 124 78 318 5.89443 0
28 132 286 38 5.89215 5
28 140 286 46 5.89215 5
28 36 14 230 5.89443 0
28 148 286 54 5.89215 5
28 156 286 62 5.89215 5
28 164 286 70 5.89215 5
28 172 286 78 5.89215 5
28 44 14 238 5.89443 0
28 180 286 86 5.89215 5
28 188 286 94 5.89215 5
28 12 14 206 5.89443 0
28 52 14 246 5.89443 0
28 212 338 118 5.89215 5
28 220 338 126 5.89215 5
28 60 14 254 5.89443 0
28 244 334 150 5.89215 5
28 252 334 158 5.89215 5
28 4 14 198 5.89443 0
28 68 14 262 5.89443 0
28 76 14 270 5.89443 0
28 20 14 214 5.89443 0
28 84 14 278 5.89443 0
28 92 14 286 5.89443 0
28 100 22 294 5.89443 0
28 108 22 302 5.89443 0
28 28 14 222 5.89443 0
28 116 22 310 5.89443 0
28 124 22 318 5.89443 0
116 132 374 74 5.89215 5
116 140 374 82 5.89215 5
116 36 86 230 5.89443 0
116 156 374 94 5.89215 5
116 44 86 238 5.89443 0
116 180 374 102 5.89215 5
116 188 374 110 5.89215 5
116 12 86 206 5.89443 0
116 52 86 246 5.89443 0
116 212 374 118 5.89215 5
116 220 374 126 5.89215 5
116 228 374 134 5.89215 5
116 236 374 142 5.89215 5
116 60 86 254 5.89443 0
116 244 374 150 5.89215 5
116 252 374 158 5.89215 5
116 4 86 198 5.89443 0
116 68 86 262 5.89443 0
116 76 86 270 5.89443 0
116 20 86 214 5.89443 0
116 84 86 278 5.89443 0
116 92 86 286 5.89443 0
116 100 86 294 5.89443 0
116 108 86 302 5.89443 0
116 28 86 222 5.89443 0
116 116 86 310 5.89443 0
116 124 86 318 5.89443 0
124 132 382 78 5.89215 5
124 140 382 82 5.89215 5
124 36 94 230 5.89443 0
124 156 382 94 5.89215 5
124 44 94 238 5.89443 0
124 180 382 102 5.89215 5
124 188 382 110 5.89215 5
124 12 94 206 5.89443 0
124 52 94 246 5.89443 0
124 212 382 118 5.89215 5
124 220 382 126 5.89215 5
124 228 382 134 5.89215 5
124 236 382 142 5.89215 5
124 60 94 254 5.89443 0
124 244 382 150 5.89215 5
124 252 382 158 5.89215 5
124 4 94 198 5.89443 0
124 68 94 262 5.89443 0
124 76 94 270 5.89443 0
124 20 94 214 5.89443 0
124 84 94 278 5.89443 0
124 92 94 286 5.89443 0
124 100 94 294 5.89443 0
124 108 94 302 5.89443 0
124 28 94 222 5.89443 0
124 116 94 310 5.89443 0
124 124 94 318 5.89443 0
