36 348 30 390 5.99936 416
36 364 218 104 5.89255 1464
148 12 38 18 5.99936 0
148 52 38 38 5.99936 0
148 220 390 262 5.99936 476
148 228 390 270 5.99936 476
148 236 394 278 5.99936 476
148 60 38 46 5.99936 0
148 244 398 286 5.99936 476
148 252 398 294 5.99936 476
148 4 38 12 5.99936 0
148 260 394 302 5.99936 476
148 268 390 310 5.99936 476
148 276 390 318 5.99936 476
148 84 38 54 5.99936 0
148 92 38 62 5.99936 0
148 100 38 70 5.99936 0
148 108 38 78 5.99936 0
148 28 38 30 5.99936 0
148 116 38 86 5.99936 0
148 124 38 94 5.99936 0
156 12 46 18 5.99936 0
156 52 46 38 5.99936 0
156 60 46 46 5.99936 0
156 244 120 244 5.93041 996
156 4 46 12 5.99936 0
156 84 46 54 5.99936 0
156 92 46 62 5.99936 0
156 100 46 70 5.99936 0
156 108 46 78 5.99936 0
156 28 46 30 5.99936 0
156 116 46 86 5.99936 0
156 124 46 94 5.99936 0
164 188 312 128 5.75486 3917
164 12 54 18 5.99936 0
164 196 312 136 5.7606 3917
164 52 54 38 5.99936 0
164 212 128 214 5.7691 1358
164 228 152 226 5.70006 1947
164 236 152 234 5.65713 1947
164 60 54 46 5.99936 0
164 252 130 252 5.79793 1164
164 4 54 12 5.99936 0
164 84 54 54 5.99936 0
164 92 54 62 5.99936 0
164 100 54 70 5.99936 0
164 108 54 78 5.99936 0
164 28 54 30 5.99936 0
164 116 54 86 5.99936 0
164 124 54 94 5.99936 0
172 164 118 194 5.99936 283
172 188 142 186 5.36986 1948
172 12 62 18 5.99936 0
172 196 138 196 5.19446 1948
172 204 136 206 5.48537 1948
172 52 62 38 5.99936 0
172 60 62 46 5.99936 0
172 4 62 12 5.99936 0
172 84 62 54 5.99936 0
172 92 62 62 5.99936 0
172 100 62 70 5.99936 0
172 108 62 78 5.99936 0
172 28 62 30 5.99936 0
172 116 62 86 5.99936 0
172 124 62 94 5.99936 0
180 148 114 242 5.99936 184
180 156 160 128 5.95697 956
180 172 162 138 5.79091 1193
180 180 150 180 5.50027 2221
180 188 148 186 5.2494 2337
180 196 148 198 5.13465 2583
180 252 154 254 5.45601 4314
180 260 154 260 5.47691 2692
180 268 158 270 5.44539 2692
180 276 154 276 5.74284 3937
188 180 178 162 5.43421 3503
188 188 156 194 4.93765 9952
188 204 162 202 4.92896 5495
188 212 162 214 4.98922 5495
188 220 164 238 5.1167 4725
188 236 164 246 5.0217 5104
188 252 160 254 5.34246 4314
188 260 162 260 5.48852 4098
188 268 160 266 5.48408 7437
188 276 162 276 5.60108 9851
188 284 160 284 5.73274 9376
12 348 12 398 5.99831 416
196 148 154 172 5.41803 5112
196 172 176 172 5.18054 4319
196 180 162 180 5.09385 5107
196 188 178 176 4.92024 11276
196 196 184 182 4.81092 10215
196 220 170 238 4.9906 7809
196 236 172 246 4.98824 5937
196 260 170 258 5.24451 4381
196 268 174 270 5.31928 5069
196 276 170 278 5.58026 7980
196 284 170 286 5.63774 16784
204 132 170 134 5.67685 4190
204 148 172 162 5.20367 2906
204 180 194 184 4.78129 8599
204 188 192 192 4.81091 8599
204 196 192 182 4.78374 10215
204 204 194 208 4.6169 12078
204 212 210 210 4.50243 28563
204 220 214 220 4.67084 18770
204 228 212 226 4.72721 20073
204 236 212 236 4.75962 20073
204 244 210 244 4.87506 15420
204 252 210 252 4.85329 15420
204 268 186 268 5.26895 5069
204 276 180 276 5.58642 5313
204 284 180 284 5.61537 16784
52 12 0 18 5.99936 0
52 52 0 38 5.99936 0
52 60 0 46 5.99936 0
52 4 0 12 5.99936 0
52 84 0 54 5.99936 0
52 92 0 62 5.99936 0
52 100 0 70 5.99936 0
52 108 0 78 5.99936 0
52 28 0 30 5.99936 0
52 116 0 86 5.99936 0
52 124 0 94 5.99936 0
212 132 178 130 5.24009 2811
212 140 180 142 5.21581 2930
212 164 188 162 5.01697 5818
212 172 190 174 5.00766 5818
212 196 200 206 4.63116 10162
212 220 194 222 4.52321 13999
212 228 218 228 4.56332 20073
212 236 218 238 4.67956 20056
212 244 216 244 4.87642 15420
212 268 192 270 5.33628 5069
212 276 190 278 5.61074 5313
212 284 188 286 5.63876 5313
212 116 182 118 5.44432 2471
220 140 198 138 5.1571 8738
220 156 198 156 4.98056 10141
220 164 198 162 4.84968 11458
220 172 200 166 4.91615 11458
220 180 200 174 4.72176 16924
220 188 232 190 4.64 21317
220 196 230 198 4.51778 21317
220 204 226 204 4.58362 21317
220 212 224 210 4.57895 21719
220 228 230 228 4.5336 20073
220 236 226 234 4.62219 20056
220 252 222 250 4.69591 20073
220 268 204 270 5.18958 10649
220 276 202 274 5.34345 9474
220 284 202 284 5.4184 9474
220 292 198 294 5.57005 19966
220 300 218 320 5.7648 19917
220 116 194 114 5.25609 3936
220 124 194 120 5.37064 3936
228 140 202 138 5.11859 8738
228 148 204 150 4.96576 10141
228 156 206 156 4.99276 10141
228 196 246 196 4.61106 24524
228 204 242 204 4.63999 21317
228 220 234 222 4.64278 23230
228 228 238 228 4.65726 23230
228 244 226 244 4.62348 18009
228 268 216 270 5.16922 10649
228 276 218 278 5.28121 12847
228 284 214 286 5.32618 23392
228 292 212 292 5.32807 23392
228 300 210 300 5.33689 22905
236 140 214 138 5.16737 8738
236 156 212 156 4.79536 12370
236 164 210 162 4.78747 11163
236 172 214 174 4.79169 11163
236 180 244 180 4.64616 21107
236 196 250 196 4.7024 20165
236 204 248 204 4.68937 20165
236 220 244 220 4.68554 23230
236 228 244 228 4.59782 23230
236 236 250 236 4.55908 20073
236 244 244 244 4.64048 20073
236 268 226 268 5.13847 10649
236 276 226 278 5.2674 12847
236 284 220 282 5.2511 23392
236 292 218 292 5.25389 23392
236 300 226 300 5.37214 25444
236 308 226 308 5.47807 26306
236 116 200 114 5.32925 7184
244 132 222 132 5.17753 8427
244 140 218 138 5.2249 8427
244 156 224 158 4.71959 11774
244 164 222 164 4.7343 11163
244 172 218 174 4.80361 11163
244 180 252 180 4.72301 21317
244 188 254 186 4.68086 21317
244 196 256 198 4.60673 20165
244 212 250 214 4.494 24335
244 228 246 232 4.54511 23230
244 244 252 246 4.57013 20056
244 252 230 254 4.87527 12683
244 260 230 262 5.07865 10360
244 268 232 268 5.21255 10654
244 276 232 276 5.27288 11299
244 284 232 284 5.29136 11299
244 292 234 292 5.21371 25726
244 300 234 302 5.21907 25709
244 308 234 308 5.47534 26306
244 316 230 318 5.53032 28673
244 116 208 114 5.39231 7184
244 124 206 122 5.36753 7184
252 132 228 134 5.21657 8427
252 140 226 138 5.18846 8427
252 148 234 146 4.73927 11774
252 164 254 164 4.60344 19767
252 180 262 180 4.74362 20165
252 188 264 188 4.65287 20165
252 196 264 196 4.67258 20165
252 204 262 204 4.66204 20165
252 212 258 212 4.58427 24618
252 220 256 220 4.55566 22888
252 228 250 230 4.42102 24739
252 244 258 246 4.55974 20056
252 252 234 252 4.65397 14583
252 268 242 266 5.00519 12597
252 292 242 290 4.96946 28206
252 300 242 302 5.23382 31696
252 308 240 308 5.49048 28687
252 316 240 316 5.59005 28673
252 124 224 124 5.30334 5604
260 132 234 132 4.96705 9011
260 156 242 150 4.61436 15649
260 164 258 166 4.61759 18389
260 172 258 172 4.66375 18389
260 180 272 180 4.84321 21317
260 188 272 188 4.85045 21317
260 196 272 196 4.83902 21317
260 204 272 204 4.846 21317
260 212 270 212 4.60255 24335
260 220 266 218 4.50808 22888
260 228 256 228 4.52132 24739
260 236 256 234 4.47337 24739
260 268 256 270 4.88179 12179
260 276 250 274 5.02286 13877
260 284 250 286 4.95491 13877
260 292 252 292 5.14139 28206
260 308 248 308 5.48741 30842
268 132 246 130 4.70217 8928
268 140 246 140 4.87736 8334
268 156 266 156 4.58923 24335
268 164 268 164 4.68038 21317
268 172 266 172 4.63083 18389
268 180 280 180 4.84736 21317
268 212 278 210 4.53405 24335
268 228 266 228 4.42879 36004
268 268 266 266 4.78765 16628
268 276 264 276 5.12385 9742
268 284 266 284 5.11841 9742
268 316 256 316 5.56666 33833
68 372 256 106 5.94214 1568
276 140 250 138 4.79319 8334
276 148 270 148 4.53302 19473
276 164 274 164 4.58184 19703
276 188 282 190 4.49641 30007
276 244 268 244 4.58957 33235
276 252 266 236 4.55551 20998
276 260 270 260 4.71449 21223
276 268 272 264 4.84732 16628
276 276 276 274 5.03556 9513
276 284 274 284 5.07971 9513
284 148 274 148 4.54459 19473
284 156 274 154 4.3351 19473
284 188 288 190 4.37342 26174
284 220 278 222 4.54202 40060
284 228 278 230 4.48824 40060
284 236 282 236 4.59606 40060
284 244 274 244 4.65036 25149
284 252 276 252 4.69248 25149
284 260 278 260 4.78057 19762
284 276 284 274 5.08984 9020
284 284 284 286 5.14493 9020
284 108 188 108 5.53831 30280
292 212 282 214 4.36864 34661
292 220 284 220 4.57841 38479
292 228 286 228 4.55697 38479
292 244 284 244 4.67582 25149
292 252 282 250 4.61346 25149
292 260 282 260 4.78883 19762
292 268 282 268 4.78737 19762
292 284 290 286 5.05965 9474
292 292 286 292 5.39075 9474
292 108 196 108 5.51421 29173
300 140 286 148 4.462 30495
300 180 302 190 3.86416 30532
300 204 294 206 4.31866 37313
300 212 294 210 4.4592 34981
300 220 294 222 4.56821 40060
300 228 294 228 4.65134 34981
300 236 294 236 4.65464 34981
300 244 292 242 4.62095 40060
300 252 292 252 4.03024 33235
300 260 288 260 4.60923 19762
300 276 298 278 5.35862 9742
300 292 294 292 5.38875 9474
300 308 296 310 5.57515 9474
76 12 14 18 5.99936 0
76 52 14 38 5.99936 0
76 60 14 46 5.99936 0
76 4 14 12 5.99936 0
76 84 14 54 5.99936 0
76 92 14 62 5.99936 0
76 100 14 70 5.99936 0
76 108 14 78 5.99936 0
76 28 14 30 5.99936 0
76 116 14 86 5.99936 0
76 124 14 94 5.99936 0
308 188 294 194 4.13965 40060
308 196 298 198 4.49618 37819
308 204 298 204 4.51628 37819
308 212 300 210 4.61377 35314
308 220 300 220 4.6354 35314
308 228 300 228 4.67171 35314
308 236 302 236 4.68662 35314
308 244 302 242 4.61442 42433
308 260 298 260 4.90671 21223
308 268 298 270 4.99312 21223
308 276 304 276 5.47014 9513
308 284 302 284 5.43839 9513
308 292 300 292 5.4676 9513
308 300 300 300 5.45241 9513
308 108 214 110 5.49813 31742
316 188 310 188 4.54581 40060
316 196 308 196 4.56274 38587
316 204 308 204 4.55045 38587
316 212 306 212 4.60529 35314
316 220 306 220 4.67559 40060
316 228 308 226 4.59388 35314
316 236 308 238 4.66377 35314
316 260 310 260 5.01803 21223
316 268 310 268 4.95867 21223
316 276 312 276 5.49126 9020
316 284 310 284 5.51071 9020
316 292 310 292 5.54054 9020
316 300 308 300 5.52255 9020
20 348 18 398 5.99936 416
20 364 206 110 5.62627 1486
324 212 316 212 4.57776 35314
324 220 314 222 4.6177 40060
324 228 314 228 4.70637 35314
324 260 318 260 5.0111 21223
324 276 322 276 5.46776 9020
324 284 318 284 5.48842 9020
324 292 316 292 5.5372 9020
324 124 236 122 4.92458 24624
332 204 324 204 4.56991 37313
332 212 326 214 4.55057 35314
332 220 326 220 4.68492 40060
332 260 326 260 4.97165 21223
332 268 326 268 4.94102 21223
332 116 244 114 5.34672 48971
340 188 334 186 4.55979 41726
340 204 330 204 4.55021 37313
340 260 332 260 4.39343 23868
340 268 334 268 5.01915 16022
340 276 334 276 5.48926 9020
340 284 334 284 5.48766 9020
340 116 254 116 5.28049 48971
348 116 262 118 5.44035 18540
348 124 264 122 5.32577 18540
364 292 190 2 5.61617 30490
372 284 2 0 4.39212 52830
388 124 310 124 5.48801 21751
396 12 36 2 4.98042 43474
396 124 318 124 5.45566 18540
100 12 22 18 5.99936 0
100 52 22 38 5.99936 0
100 60 22 46 5.99936 0
100 4 22 12 5.99936 0
100 84 22 54 5.99936 0
100 92 22 62 5.99936 0
100 100 22 70 5.99936 0
100 108 22 78 5.99936 0
100 28 22 30 5.99936 0
100 116 22 86 5.99936 0
100 124 22 94 5.99936 0
108 12 30 18 5.99936 0
108 52 30 38 5.99936 0
108 60 30 46 5.99936 0
108 4 30 12 5.99936 0
108 84 30 54 5.99936 0
108 92 30 62 5.99936 0
108 100 30 70 5.99936 0
108 108 30 78 5.99936 0
108 28 30 30 5.99936 0
108 116 30 86 5.99936 0
108 124 30 94 5.99936 0
