2 58 0 135 6.9884 5768
2 62 1 139 6.9884 5768
2 82 2 155 6.9843 4811
2 86 1 160 6.96224 12443
2 362 2 341 6.9899 4163
2 366 3 345 6.97897 4876
130 2 79 0 6.99895 0
130 50 79 19 6.99895 0
130 54 79 23 6.99895 0
130 14 79 7 6.99895 0
130 58 79 27 6.99895 0
130 62 79 31 6.99895 0
130 26 79 11 6.99895 0
130 30 79 15 6.99895 0
134 214 168 159 6.99836 4813
134 98 67 35 6.99895 0
134 102 67 39 6.99895 0
134 106 67 43 6.99895 0
134 110 67 47 6.99895 0
134 114 67 51 6.99895 0
134 118 67 55 6.99895 0
134 122 67 59 6.99895 0
134 126 67 63 6.99895 0
34 2 62 2 6.99189 4242
34 378 64 368 6.98966 8506
138 218 139 217 6.9685 6088
138 222 139 222 6.96672 6088
138 98 71 35 6.99895 0
138 102 71 39 6.99895 0
138 106 71 43 6.99895 0
138 110 71 47 6.99895 0
138 114 71 51 6.99895 0
138 118 71 55 6.99895 0
138 122 71 59 6.99895 0
138 126 71 63 6.99895 0
142 218 142 217 6.97119 6088
142 222 143 222 6.96573 6088
142 226 143 226 6.98736 4805
142 230 143 230 6.99678 3942
142 98 75 35 6.99895 0
142 102 75 39 6.99895 0
142 106 75 43 6.99895 0
142 110 75 47 6.99895 0
142 114 75 51 6.99895 0
142 118 75 55 6.99895 0
142 122 75 59 6.99895 0
142 126 75 63 6.99895 0
146 230 145 230 6.95864 5328
146 234 145 234 6.99845 3706
146 238 399 7 6.99895 3300
146 242 395 139 6.99895 3304
146 246 395 143 6.99895 3304
146 250 391 211 6.99895 3306
146 254 391 215 6.99895 3306
146 258 391 219 6.99895 3306
146 262 391 223 6.99895 3306
146 98 79 35 6.99895 0
146 102 79 39 6.99895 0
146 106 79 43 6.99895 0
146 110 79 47 6.99895 0
146 114 79 51 6.99895 0
146 118 79 55 6.99895 0
146 122 79 59 6.99895 0
146 126 79 63 6.99895 0
150 2 83 0 6.99895 0
150 194 136 212 6.99857 4843
150 198 148 198 6.99336 4601
150 50 83 19 6.99895 0
150 202 148 202 6.99533 4601
150 214 149 213 6.91766 10011
150 54 83 23 6.99895 0
150 218 150 217 6.90347 11999
150 222 150 222 6.9015 11999
150 14 83 7 6.99895 0
150 226 150 227 6.72201 19007
150 230 149 230 6.93495 8801
150 58 83 27 6.99895 0
150 234 149 234 6.94917 8801
150 62 83 31 6.99895 0
150 254 395 15 6.99887 4110
150 98 83 35 6.99895 0
150 102 83 39 6.99895 0
150 26 83 11 6.99895 0
150 106 83 43 6.99895 0
150 110 83 47 6.99895 0
150 114 83 51 6.99895 0
150 118 83 55 6.99895 0
150 30 83 15 6.99895 0
150 122 83 59 6.99895 0
150 126 83 63 6.99895 0
38 2 0 0 6.99895 0
38 50 0 19 6.99895 0
38 54 0 23 6.99895 0
38 14 0 7 6.99895 0
38 58 0 27 6.99895 0
38 62 0 31 6.99895 0
38 82 0 35 6.99895 0
38 86 0 39 6.99895 0
38 90 0 43 6.99895 0
38 370 135 384 6.99762 4710
38 374 21 348 6.98955 7852
38 94 0 47 6.99895 0
38 382 27 358 6.99117 9668
38 98 0 51 6.99895 0
38 102 0 55 6.99895 0
38 26 0 11 6.99895 0
38 106 0 59 6.99895 0
38 110 0 63 6.99895 0
38 114 0 67 6.99895 0
38 118 0 71 6.99895 0
38 30 0 15 6.99895 0
38 122 0 75 6.99895 0
38 126 0 79 6.99895 0
154 2 87 0 6.99895 0
154 186 175 150 6.99895 2718
154 194 152 194 6.98741 4666
154 198 152 198 6.98621 4687
154 50 87 19 6.99895 0
154 202 152 201 6.9422 5612
154 210 151 211 6.91823 10011
154 214 152 213 6.92231 10011
154 54 87 23 6.99895 0
154 218 153 217 6.90466 11999
154 222 154 223 6.89057 11999
154 14 87 7 6.99895 0
154 226 153 227 6.86241 13619
154 230 153 231 6.92658 10470
154 58 87 27 6.99895 0
154 234 154 234 6.92623 10470
154 238 151 236 6.90995 8452
154 62 87 31 6.99895 0
154 258 150 251 6.99793 4637
154 302 159 283 6.99846 4712
154 306 159 287 6.99846 4712
154 98 87 35 6.99895 0
154 102 87 39 6.99895 0
154 26 87 11 6.99895 0
154 106 87 43 6.99895 0
154 110 87 47 6.99895 0
154 114 87 51 6.99895 0
154 118 87 55 6.99895 0
154 30 87 15 6.99895 0
154 122 87 59 6.99895 0
154 126 87 63 6.99895 0
158 2 91 0 6.99895 0
158 174 157 172 6.98137 4761
158 178 157 177 6.97365 5256
158 182 156 180 6.95798 6044
158 190 155 191 6.95371 7011
158 194 156 194 6.9467 7011
158 198 156 197 6.85054 12477
158 50 91 19 6.99895 0
158 202 157 202 6.80741 12477
158 206 159 205 6.87107 12477
158 210 158 208 6.87949 12477
158 214 158 213 6.81422 15462
158 54 91 23 6.99895 0
158 218 158 216 6.81091 15462
158 14 91 7 6.99895 0
158 226 157 227 6.85318 13619
158 230 159 231 6.24377 43052
158 58 91 27 6.99895 0
158 234 157 234 6.91226 10825
158 238 155 237 6.93279 11091
158 242 156 242 6.97713 6850
158 246 156 247 6.97173 6850
158 62 91 31 6.99895 0
158 250 156 251 6.96541 6850
158 254 156 255 6.95554 6850
158 258 156 258 6.97471 7354
158 98 91 35 6.99895 0
158 102 91 39 6.99895 0
158 26 91 11 6.99895 0
158 106 91 43 6.99895 0
158 110 91 47 6.99895 0
158 114 91 51 6.99895 0
158 118 91 55 6.99895 0
158 30 91 15 6.99895 0
158 122 91 59 6.99895 0
158 126 91 63 6.99895 0
10 34 19 81 6.99274 7626
10 46 29 69 6.98958 5704
10 358 267 395 6.99895 2845
10 366 33 353 6.98949 4674
162 2 95 0 6.99895 0
162 170 141 212 6.98957 4533
162 174 161 172 6.98065 5128
162 178 161 176 6.96088 7745
162 182 161 180 6.94561 7504
162 186 160 185 6.94845 9904
162 190 159 190 6.93103 9971
162 198 160 197 6.84441 12477
162 50 95 19 6.99895 0
162 202 160 203 6.81441 12477
162 206 161 205 6.85826 12477
162 210 161 208 6.87257 12477
162 214 162 213 6.79458 15462
162 54 95 23 6.99895 0
162 218 163 217 6.77607 15462
162 222 163 221 6.65198 20913
162 14 95 7 6.99895 0
162 58 95 27 6.99895 0
162 234 161 234 6.91493 11585
162 238 161 237 6.92935 11091
162 242 160 242 6.95895 8758
162 246 160 246 6.95317 8758
162 62 95 31 6.99895 0
162 250 160 251 6.95667 7795
162 254 160 255 6.94961 7896
162 258 160 258 6.97598 7354
162 98 95 35 6.99895 0
162 102 95 39 6.99895 0
162 26 95 11 6.99895 0
162 106 95 43 6.99895 0
162 110 95 47 6.99895 0
162 114 95 51 6.99895 0
162 118 95 55 6.99895 0
162 30 95 15 6.99895 0
162 122 95 59 6.99895 0
162 126 95 63 6.99895 0
166 170 165 168 6.97309 6300
166 174 165 172 6.97161 6300
166 178 165 176 6.95648 7745
166 182 165 180 6.94703 9904
166 186 165 185 6.94394 9904
166 190 165 190 6.93331 9971
166 194 165 193 6.9342 9971
166 198 165 196 6.8767 11868
166 202 169 205 6.83035 13749
166 206 167 207 6.83234 13749
166 210 167 209 6.79449 15079
166 214 168 215 6.7084 15497
166 218 168 218 6.80057 21371
166 222 168 221 6.84051 19782
166 226 167 225 6.83835 19782
166 234 167 235 6.63995 33057
166 238 166 239 6.6405 33057
166 242 164 242 6.91959 10924
166 246 164 246 6.92989 10924
166 254 164 255 6.93009 9853
166 258 164 258 6.89784 9933
42 370 139 384 6.99765 4710
42 378 65 366 6.98284 8767
42 382 85 377 6.9885 9222
170 166 168 164 6.95802 6130
170 170 168 168 6.94708 8642
170 174 169 173 6.9494 8642
170 186 171 185 6.35706 38850
170 190 170 189 6.91146 11181
170 194 169 193 6.91356 11181
170 198 169 197 6.89721 11868
170 202 171 202 6.8506 13191
170 210 170 210 6.78734 15079
170 214 172 215 6.73848 18773
170 218 172 218 6.81111 21371
170 226 171 224 6.83723 19782
170 242 169 242 6.89559 12760
170 246 169 247 6.92343 10947
170 250 168 251 6.92818 10947
170 254 168 255 6.92749 9933
170 258 168 259 6.9331 9933
170 270 146 241 6.99697 7804
170 274 167 271 6.99671 6918
174 158 163 163 6.99895 1923
174 162 172 160 6.95423 9649
174 166 172 164 6.95531 9649
174 170 173 168 6.93012 11324
174 174 173 172 6.92573 11324
174 186 175 185 6.37951 38850
174 190 175 189 6.38711 38850
174 198 175 197 6.82186 15754
174 206 174 206 6.6825 17591
174 210 173 209 6.36141 29448
174 222 175 221 6.83283 19782
174 226 175 225 6.83364 19782
174 230 175 228 6.78371 21371
174 238 175 239 6.84864 18223
174 242 173 243 6.8936 12760
174 246 172 247 6.90822 12842
174 250 172 250 6.91406 12842
174 258 173 260 6.92958 11352
174 266 173 268 6.959 9121
174 274 150 242 6.98345 11319
174 294 167 283 6.99397 9286
174 298 167 287 6.99397 9286
178 158 176 156 6.95385 7509
178 162 176 160 6.95468 9649
178 166 176 164 6.95594 9649
178 170 177 168 6.93027 11324
178 174 178 172 6.93086 11324
178 178 179 176 6.88447 14958
178 182 179 180 6.87904 14958
178 186 179 184 6.38099 35381
178 190 179 188 6.81163 15520
178 194 179 193 6.81548 15520
178 198 179 198 6.82316 15754
178 202 178 202 6.80749 15754
178 206 177 205 6.61176 17591
178 214 177 215 6.65627 21138
178 218 179 219 6.76352 21371
178 222 179 221 6.83537 19782
178 226 179 225 6.83168 19782
178 230 179 229 6.801 21371
178 238 179 239 6.85558 18223
178 242 177 243 6.87636 13882
178 246 177 246 6.91229 12842
178 250 177 251 6.91797 12842
178 258 176 259 6.92451 11352
178 262 177 263 6.9259 11352
178 266 177 267 6.92391 11520
178 270 177 271 6.95918 9692
178 274 177 275 6.97528 11390
178 278 177 279 6.97575 11390
178 282 177 283 6.9849 9794
182 146 171 161 6.97253 4967
182 154 181 151 6.88455 11158
182 158 180 156 6.91587 11158
182 162 180 160 6.88051 14420
182 166 180 164 6.87842 14420
182 170 180 168 6.84331 14420
182 174 181 172 6.84779 14420
182 178 183 176 6.88085 14958
182 182 185 181 6.88434 14958
182 190 181 187 6.81662 15520
182 194 183 193 6.82224 15520
182 198 184 196 6.79771 16359
182 206 236 209 3.27081 313968
182 218 183 218 6.68641 25970
182 222 182 221 6.73178 25970
182 230 183 229 6.8011 20728
182 234 183 233 6.85122 19355
182 238 183 239 6.84652 18223
182 242 181 243 6.84895 17253
182 246 181 246 6.88388 15588
182 250 181 251 6.89219 15205
182 254 181 255 6.90733 13921
182 258 180 258 6.90318 13496
182 262 181 262 6.90668 12544
182 266 181 266 6.89325 12544
182 270 181 271 6.91459 11696
182 274 181 275 6.91819 12787
182 278 181 279 6.91458 12787
182 282 182 283 6.89765 12544
186 146 186 145 6.97068 5464
186 150 185 149 6.88845 11158
186 154 184 152 6.90418 11158
186 158 184 156 6.90748 11158
186 162 184 160 6.87428 14420
186 166 185 164 6.86053 14420
186 170 185 169 6.84382 14420
186 174 184 172 6.84278 14420
186 186 189 186 6.45253 35381
186 190 187 189 6.46521 35381
186 198 189 197 6.70674 19171
186 202 190 201 6.72704 19171
186 206 189 207 6.7238 20056
186 218 187 217 6.72528 25970
186 222 187 223 6.7327 25970
186 226 187 226 6.40097 44534
186 230 187 229 6.80564 20728
186 234 186 234 6.84512 19355
186 238 187 238 6.85642 18223
186 242 187 242 6.84919 15388
186 246 185 246 6.88241 15588
186 254 185 255 6.90277 13921
186 258 185 259 6.90117 13496
186 262 184 263 6.90869 12544
186 266 185 267 6.88853 12544
186 270 185 270 6.90621 11696
186 274 185 275 6.9019 12787
186 278 185 279 6.89917 12787
190 146 189 145 6.85727 12696
190 150 188 149 6.86029 12696
190 162 188 160 6.87798 13285
190 166 189 164 6.86754 13285
190 174 191 173 6.22982 40004
190 178 191 177 6.46075 38850
190 182 192 181 6.45905 38850
190 186 192 185 6.46251 35381
190 190 192 189 6.46775 35381
190 198 193 197 6.75167 19171
190 202 193 201 6.75487 19171
190 206 193 207 6.72885 20056
190 218 190 217 6.60771 30454
190 222 190 221 6.64829 30454
190 226 190 226 6.6263 24050
190 230 191 229 6.81476 20728
190 234 191 234 6.81114 20728
190 238 191 238 6.82613 20728
190 242 191 242 6.86125 15388
190 246 189 246 6.85961 15388
190 250 190 251 6.87043 14401
190 254 189 255 6.87356 14401
190 258 189 258 6.76985 17902
190 262 191 261 6.35096 28894
190 266 191 267 6.41399 21360
190 270 189 270 6.88545 12495
190 274 189 274 6.897 12130
190 278 188 279 6.89713 12130
194 146 192 145 6.91094 11228
194 150 193 148 6.9161 11228
194 154 194 152 6.9039 12836
194 158 193 157 6.90047 12836
194 162 193 161 6.8694 13285
194 166 193 164 6.87195 13285
194 190 196 188 6.81095 17492
194 194 195 193 6.80568 17492
194 198 235 199 4.61816 226208
194 218 193 217 6.6121 30454
194 222 194 222 6.62221 30454
194 226 194 226 6.62234 24050
194 230 194 229 6.81423 20728
194 234 195 234 6.81508 20728
194 238 195 238 6.82594 20728
194 242 195 242 6.8288 20728
194 246 194 246 6.81482 18210
194 250 194 250 6.81237 17902
194 254 194 254 6.7422 18210
194 258 194 257 6.72552 17902
194 266 194 267 6.67069 16592
194 270 193 270 6.88107 12495
194 274 193 274 6.88861 12130
194 278 193 278 6.90242 12130
198 142 299 399 6.9719 4577
198 146 197 144 6.92544 11228
198 150 197 148 6.92867 11228
198 158 198 156 6.90622 12836
198 174 199 173 6.83209 17277
198 178 198 176 6.82597 17277
198 182 200 180 6.75304 19774
198 190 200 188 6.80567 17492
198 194 200 193 6.812 17492
198 202 199 201 6.77843 20720
198 206 199 206 6.77616 20720
198 210 199 210 6.6839 27220
198 214 198 215 6.65569 27220
198 218 197 218 6.66603 30454
198 222 197 223 6.67693 30454
198 238 198 238 6.74563 25468
198 242 199 242 6.75868 25468
198 246 198 246 6.73394 28569
198 250 198 251 6.74091 28569
198 258 197 256 6.02132 38343
198 262 199 261 6.5555 19995
198 266 198 268 6.68871 16592
50 2 7 0 6.99895 0
50 50 7 19 6.99895 0
50 54 7 23 6.99895 0
50 14 7 7 6.99895 0
50 58 7 27 6.99895 0
50 62 7 31 6.99895 0
50 82 7 35 6.99895 0
50 86 7 39 6.99895 0
50 90 7 43 6.99895 0
50 374 29 347 6.99602 5218
50 94 7 47 6.99895 0
50 386 75 375 6.98934 9743
50 98 7 51 6.99895 0
50 102 7 55 6.99895 0
50 26 7 11 6.99895 0
50 106 7 59 6.99895 0
50 110 7 63 6.99895 0
50 114 7 67 6.99895 0
50 118 7 71 6.99895 0
50 30 7 15 6.99895 0
50 122 7 75 6.99895 0
50 126 7 79 6.99895 0
202 146 201 144 6.75237 23124
202 150 201 148 6.748 23124
202 158 203 156 6.5593 37508
202 162 201 161 6.41008 42872
202 166 201 164 6.41556 42872
202 170 201 169 6.43741 42872
202 174 203 172 6.83519 17277
202 178 203 176 6.8214 17277
202 182 204 180 6.79095 19065
202 194 207 194 6.79005 19189
202 198 206 197 6.79391 19189
202 202 204 201 6.77684 20720
202 206 204 205 6.76867 20720
202 210 203 210 6.6759 27220
202 214 203 214 6.68184 27220
202 218 203 218 6.67987 30454
202 222 203 223 6.67509 30454
202 238 202 238 6.73604 25468
202 242 203 242 6.73957 25468
202 246 202 246 6.72218 28569
202 250 202 251 6.76068 21610
202 254 202 255 6.78205 21610
202 262 203 263 6.23454 82894
202 274 273 271 6.8159 41505
206 146 205 145 6.73141 23124
206 150 205 148 6.73041 23124
206 154 207 152 6.57439 37508
206 158 207 156 6.56181 37508
206 166 204 163 6.42693 42872
206 174 205 171 6.44057 42872
206 178 208 177 6.79419 19065
206 182 208 181 6.79357 19065
206 190 209 191 6.72787 19409
206 194 209 194 6.79834 19189
206 198 209 197 6.8036 19189
206 202 209 201 6.76268 21001
206 210 198 167 4.4526 279297
206 218 207 218 6.67269 29273
206 222 206 222 6.6747 29273
206 226 206 226 6.69173 29273
206 230 207 230 6.68323 29273
206 254 207 255 6.77474 21610
206 258 175 259 5.92864 65273
206 262 207 263 6.24958 82894
210 146 211 145 6.6598 17868
210 154 209 153 6.66893 23124
210 158 209 157 6.63949 23124
210 166 211 165 6.30843 63379
210 186 210 184 6.76506 21075
210 190 213 190 6.72637 19409
210 194 213 193 6.69436 19409
210 198 212 197 6.75065 21001
210 202 212 202 6.76165 21001
210 210 212 209 6.72845 26660
210 214 211 214 6.72512 26660
210 218 211 217 6.67354 29273
210 222 211 222 6.67574 29273
210 226 211 226 6.6934 29273
210 230 210 230 6.73559 31452
210 234 211 235 6.72891 31452
210 254 179 254 5.81139 65273
210 258 211 259 6.78247 21425
210 262 210 262 6.78669 21425
210 274 212 275 6.96609 13547
214 142 187 399 6.99825 4174
214 146 213 144 6.89442 10766
214 150 239 153 5.41279 42049
214 154 213 153 6.63125 23124
214 158 213 157 6.62588 23124
214 162 215 161 6.33693 63379
214 166 215 165 6.3351 63379
214 174 214 173 6.79395 20014
214 178 214 176 6.79195 20014
214 182 215 181 6.71545 20953
214 186 215 186 6.71142 20843
214 190 216 190 6.7129 20843
214 206 215 205 6.70555 25562
214 214 215 214 6.72405 26660
214 218 215 218 6.34291 75628
214 222 215 222 6.35744 75628
214 226 213 225 6.66642 29273
214 230 213 230 6.72868 31452
214 234 214 235 6.72959 31452
214 238 214 238 6.6848 27710
214 242 214 243 6.70457 27710
214 246 214 246 6.70715 27710
214 250 214 250 6.76243 23209
214 254 215 255 6.74407 23209
214 258 215 258 6.78775 21425
214 262 214 262 6.79465 21425
214 270 215 271 6.93702 8665
54 366 255 391 6.99895 3512
54 374 147 387 6.99737 5599
54 386 113 387 6.98724 10564
218 142 191 399 6.99819 4174
218 162 219 161 6.59855 22224
218 166 219 164 6.5916 22224
218 170 218 169 6.78312 18805
218 174 218 173 6.80227 20014
218 178 219 177 6.80467 20014
218 182 219 181 6.40201 77764
218 206 218 205 6.71365 25562
218 210 218 209 6.72293 25562
218 214 219 215 6.71524 27220
218 222 220 223 6.70585 26312
218 226 219 226 6.6632 29273
218 230 218 230 6.67001 29273
218 234 217 234 6.66511 27710
218 238 217 237 6.67945 27710
218 242 218 243 6.67031 27710
218 246 218 246 6.70824 27710
218 250 218 250 6.76299 23209
218 254 217 254 6.74179 23209
218 258 218 258 6.81143 21610
218 262 219 263 6.81909 21610
218 266 219 267 6.94074 11018
218 270 219 271 6.9434 8665
222 138 199 135 6.99821 6250
222 146 217 143 6.91783 11248
222 158 209 151 6.05417 48978
222 162 223 161 6.59077 22224
222 166 223 165 6.55333 22224
222 170 222 170 6.7916 18805
222 174 222 173 6.80019 18805
222 178 223 177 6.39602 77764
222 182 222 181 6.65584 23811
222 186 222 185 6.65432 23811
222 218 223 219 6.70376 26312
222 222 224 223 6.7074 26312
222 234 223 233 6.41589 27556
222 238 221 237 6.65805 27099
222 242 223 243 6.68351 27099
222 258 222 258 6.81528 21610
222 262 223 263 6.88603 15662
222 266 222 267 6.95472 10325
222 270 222 271 6.96776 5847
14 34 24 83 6.99241 7626
14 54 11 137 6.99219 4273
14 358 271 395 6.99895 2845
14 362 156 391 6.99895 3312
14 366 139 389 6.9911 4311
14 370 17 350 6.98376 8705
14 26 29 61 6.99268 7271
14 30 24 79 6.99272 7626
226 138 153 291 6.9982 6292
226 142 220 139 6.99253 8738
226 146 220 143 6.96916 11248
226 154 227 152 6.22298 37508
226 158 227 157 6.22861 37508
226 162 225 161 6.38556 21165
226 166 227 166 6.49572 20481
226 170 225 170 6.47983 20481
226 174 225 173 6.16589 27612
226 178 225 176 6.22613 27612
226 182 227 180 6.63113 23811
226 186 227 185 6.59348 23811
226 206 226 205 6.6606 32921
226 210 227 210 6.66007 32921
226 230 233 169 4.96224 228803
226 234 225 233 6.26738 27556
226 238 227 238 6.69067 27099
226 242 227 242 6.70576 27099
226 250 228 250 6.80694 21610
226 254 227 255 6.8121 21610
226 258 227 259 6.67563 25412
226 262 226 263 6.8827 15662
226 266 226 267 6.95662 10325
226 270 226 271 6.9836 5847
230 138 212 138 6.99837 5791
230 142 224 139 6.99157 8738
230 146 224 143 6.97205 11248
230 150 229 148 6.88701 13675
230 154 229 153 6.6731 19988
230 162 229 161 6.27533 21165
230 166 230 166 6.39849 20481
230 170 231 170 6.3033 20481
230 174 233 159 6.03732 31983
230 206 231 206 6.65977 32921
230 210 231 210 6.65915 32921
230 234 239 181 4.72517 208175
230 238 231 238 6.71012 27099
230 242 231 242 6.71795 27099
230 250 233 251 6.81324 21610
230 254 231 254 6.80853 21610
230 258 231 258 6.65911 25412
234 154 232 153 6.67113 19988
234 174 236 159 6.07713 31983
234 202 235 201 6.43221 50533
234 206 235 205 6.44398 50533
234 210 235 209 6.24703 66068
234 214 235 213 6.21986 66068
234 238 233 239 6.68529 27099
234 242 235 242 6.70903 27099
234 254 235 253 6.36041 31106
234 258 235 257 6.03461 38503
238 138 230 135 6.99747 6627
238 146 231 143 6.93678 13343
238 170 235 163 6.21768 38554
238 198 240 197 6.64867 50795
238 202 240 201 6.64873 50795
238 210 240 209 6.24752 66068
238 214 239 213 6.23247 66068
238 234 241 235 6.31856 46750
238 238 239 239 6.25029 46750
238 250 239 249 6.39854 31106
238 254 240 253 6.32423 31106
238 270 232 270 6.99419 5046
242 138 233 135 6.99714 6627
242 142 235 138 6.9728 9613
242 146 235 144 6.95053 11363
242 150 235 148 6.93295 13201
242 154 243 152 6.1892 44402
242 158 243 156 6.32171 44402
242 166 239 161 6.19777 38554
242 198 244 197 6.64755 50795
242 202 244 201 6.64757 50795
242 206 243 205 6.60395 56202
242 262 236 263 6.7773 16332
242 266 267 256 6.80607 13300
242 270 236 270 6.99283 5046
246 142 240 140 6.9463 11363
246 146 239 144 6.94992 11363
246 150 239 148 6.92072 13343
246 154 247 153 6.3666 44402
246 158 247 157 6.39138 44402
246 214 251 217 6.57282 33088
246 234 256 234 6.43736 61492
246 238 241 238 6.6116 27989
246 242 241 242 6.59183 27989
246 262 240 263 6.79047 16332
246 266 240 267 6.80125 16332
246 270 240 270 6.98085 5005
62 2 11 0 6.99895 0
62 50 11 19 6.99895 0
62 54 11 23 6.99895 0
62 14 11 7 6.99895 0
62 58 11 27 6.99895 0
62 62 11 31 6.99895 0
62 82 11 35 6.99895 0
62 86 11 39 6.99895 0
62 90 11 43 6.99895 0
62 94 11 47 6.99895 0
62 382 157 396 6.98535 7654
62 98 11 51 6.99895 0
62 102 11 55 6.99895 0
62 26 11 11 6.99895 0
62 106 11 59 6.99895 0
62 110 11 63 6.99895 0
62 114 11 67 6.99895 0
62 118 11 71 6.99895 0
62 30 11 15 6.99895 0
62 122 11 75 6.99895 0
62 126 11 79 6.99895 0
250 146 243 144 6.90761 12254
250 150 243 148 6.87086 14233
250 154 251 153 6.23109 37508
250 198 251 197 6.58584 30250
250 202 251 201 6.56246 30250
250 210 253 215 6.62968 27459
250 214 255 217 6.68392 33088
250 238 244 239 6.66224 27989
250 242 244 243 6.80752 23993
250 246 244 247 6.80702 23993
250 258 242 257 6.40995 22338
250 270 246 269 6.9897 5014
254 138 337 399 6.82067 13110
254 142 247 141 6.87955 12254
254 146 248 143 6.89981 12254
254 150 247 147 6.85335 14233
254 158 255 157 6.70267 45149
254 162 255 162 6.70687 45149
254 190 265 187 6.80524 26423
254 194 265 191 6.80342 26423
254 206 257 183 6.64563 29253
254 210 247 221 6.80104 24227
254 214 257 219 6.84264 22247
254 230 247 229 6.86832 22247
254 234 248 235 6.86832 22247
254 238 248 239 6.81793 20873
254 242 248 243 6.80981 20873
254 270 249 270 6.99707 5537
258 134 253 132 6.97869 4649
258 138 253 137 6.93704 7456
258 146 252 143 6.86337 14477
258 150 252 147 6.87157 14477
258 158 259 159 6.7169 45149
258 190 269 187 6.79365 26423
258 194 269 191 6.76747 26423
258 198 261 209 6.53467 27459
258 222 255 223 6.87413 21537
258 234 252 235 6.86676 22247
258 238 252 239 6.80443 20873
258 242 253 242 6.79489 20873
258 266 303 192 6.95517 7238
262 138 256 136 6.94453 7456
262 146 256 145 6.87799 14477
262 150 257 148 6.87971 14477
262 222 259 223 6.87413 21537
262 230 255 231 6.84426 20367
262 238 259 239 6.4361 61034
262 242 257 243 6.72644 22671
262 262 291 150 6.97501 9919
66 2 15 0 6.99895 0
66 50 15 19 6.99895 0
66 54 15 23 6.99895 0
66 14 15 7 6.99895 0
66 58 15 27 6.99895 0
66 62 15 31 6.99895 0
66 82 15 35 6.99895 0
66 86 15 39 6.99895 0
66 90 15 43 6.99895 0
66 94 15 47 6.99895 0
66 378 35 348 6.9963 6262
66 98 15 51 6.99895 0
66 102 15 55 6.99895 0
66 26 15 11 6.99895 0
66 106 15 59 6.99895 0
66 110 15 63 6.99895 0
66 114 15 67 6.99895 0
66 118 15 71 6.99895 0
66 30 15 15 6.99895 0
66 122 15 75 6.99895 0
66 126 15 79 6.99895 0
266 138 260 136 6.97357 8242
266 146 261 145 6.81473 18583
266 150 261 148 6.81039 18583
266 154 261 153 6.77608 21284
266 158 260 157 6.83532 28074
266 210 261 217 6.90415 19606
266 214 260 220 6.90784 19606
266 226 261 228 6.85807 22535
266 230 261 232 6.84372 20367
266 238 261 239 6.83362 22039
266 242 261 243 6.73978 22671
266 246 262 246 6.81763 19832
266 250 261 249 6.82075 19832
266 254 263 259 6.79939 15764
266 258 231 267 6.92827 10607
270 138 265 136 6.97049 8242
270 142 267 143 6.61217 15699
270 146 265 144 6.77843 18583
270 150 264 148 6.7813 18583
270 154 265 152 6.78122 21284
270 158 265 156 6.8329 28074
270 162 265 161 6.83683 28074
270 166 265 165 6.84103 28074
270 214 264 221 6.90614 19606
270 230 265 231 6.81118 20035
270 234 265 235 6.82247 22039
270 238 265 239 6.82838 22039
270 242 265 243 6.75883 22671
270 246 265 247 6.82179 19832
270 250 266 253 6.83524 16751
270 254 235 265 6.83496 12963
274 146 269 145 6.62274 18844
274 218 270 219 6.89017 19910
274 226 270 226 6.80946 20035
274 230 269 231 6.77416 20035
274 234 270 235 6.80835 20367
274 238 270 239 6.81248 19832
274 242 269 243 6.81178 19832
274 246 269 247 6.8703 15575
274 250 269 251 6.86571 15575
274 254 270 254 6.85099 15575
274 258 239 267 6.92721 10590
278 142 296 176 6.80009 16822
278 146 274 145 6.67066 19329
278 150 274 149 6.65962 19329
278 158 273 157 6.5904 22934
278 162 274 160 6.79975 22371
278 166 274 165 6.82733 22371
278 210 276 210 6.8732 21025
278 214 274 215 6.89342 19910
278 218 274 219 6.89305 19910
278 222 275 222 6.80556 20981
278 226 275 225 6.80659 20682
278 230 275 230 6.77056 19389
278 234 274 234 6.78638 19389
278 238 275 237 6.81661 19832
278 242 273 243 6.83962 16751
278 246 274 247 6.88124 15575
278 250 274 251 6.87168 15575
278 254 274 254 6.84778 15575
278 262 303 154 6.97058 10559
70 66 49 48 6.99895 0
70 78 47 55 6.99895 0
70 90 45 59 6.99895 0
70 94 44 63 6.99895 0
70 390 88 377 6.98758 9091
70 114 41 70 6.99895 0
70 118 40 73 6.99895 0
70 122 39 76 6.99895 0
282 2 230 3 6.99807 4600
282 134 323 391 6.99817 4562
282 138 302 143 6.99487 8317
282 142 67 258 6.82266 39225
282 146 277 145 6.67313 19329
282 150 277 149 6.65281 19329
282 154 279 152 6.62712 22934
282 158 278 157 6.65068 22934
282 162 278 160 6.82063 22371
282 166 278 164 6.81759 22371
282 186 276 181 6.86117 21860
282 202 279 203 6.85336 20226
282 218 280 218 6.85719 21025
282 222 277 223 6.8585 19910
282 238 279 236 6.7605 19389
282 242 279 243 6.8219 16751
282 246 278 247 6.82982 15575
282 250 279 249 6.83511 14869
282 254 247 265 6.85775 12963
286 2 234 2 6.99197 4456
286 134 327 391 6.99817 4562
286 170 268 153 5.98818 78196
286 174 269 157 5.9513 78196
286 178 282 178 6.73457 22978
286 182 282 181 6.76178 23182
286 190 285 191 6.89271 21167
286 198 283 197 6.86358 20226
286 202 283 202 6.84991 20226
286 226 279 225 6.84029 19910
286 230 277 231 6.71722 20035
286 234 283 233 6.66829 58293
286 238 283 237 6.72421 19389
286 246 283 245 6.83679 15575
286 254 283 252 6.92876 18629
18 34 50 21 6.98731 5710
18 38 12 131 6.99069 4587
18 14 20 86 6.99222 6998
18 18 20 90 6.99219 6998
18 366 8 342 6.99513 4056
18 370 43 358 6.98515 5595
18 26 20 98 6.98836 6477
290 2 238 2 6.98425 4456
290 134 331 391 6.99817 4562
290 34 391 15 6.99895 450
290 174 272 155 5.96624 78196
290 178 285 179 6.69065 22978
290 182 286 182 6.72744 23182
290 186 287 185 6.78126 23182
290 210 91 107 5.64337 195679
290 234 286 233 6.65607 58293
290 238 287 238 6.81896 19475
290 242 287 242 6.81024 19475
290 18 395 7 6.99895 450
290 6 399 0 6.99895 450
290 30 391 11 6.99895 450
294 2 241 2 6.98675 4456
294 134 335 391 6.99817 4562
294 186 291 184 6.77091 22958
294 190 291 189 6.83525 22055
294 194 292 192 6.83349 22055
294 198 292 198 6.83042 22055
294 226 289 228 6.91196 22835
294 234 290 236 6.89986 20858
294 6 322 35 6.99497 3936
74 66 51 47 6.99895 0
74 78 51 55 6.99895 0
74 126 41 79 6.99895 0
298 2 247 3 6.984 4707
298 146 295 146 6.91106 25913
298 10 303 31 6.99665 5576
298 182 295 181 6.75937 22958
298 186 295 184 6.76521 22958
298 190 295 189 6.83044 21167
298 202 295 202 6.80569 22055
298 234 294 242 6.92753 50758
298 238 294 239 6.94308 19832
302 2 253 4 6.98433 5062
302 146 299 146 6.89472 25913
302 10 307 31 6.99636 5576
302 182 298 181 6.79798 22388
302 190 298 189 6.81083 21167
302 198 299 199 6.60977 40146
302 6 345 41 6.98995 4233
306 2 257 4 6.98624 5062
306 182 302 182 6.78338 22388
306 190 301 189 6.91136 20226
306 6 299 23 6.98819 4506
310 10 361 48 6.99027 6596
78 66 51 43 6.99895 0
78 90 51 59 6.99895 0
78 94 51 63 6.99895 0
78 382 83 365 6.99676 6465
78 114 43 67 6.99895 0
318 10 307 26 6.98869 5001
318 6 265 7 6.98686 5195
322 2 267 1 6.98869 5742
322 14 289 22 6.98881 8031
322 6 269 7 6.98868 5742
326 6 273 7 6.98869 5742
82 66 55 43 6.99895 0
82 70 55 47 6.99895 0
82 74 55 51 6.99895 0
82 78 55 55 6.99895 0
82 90 55 59 6.99895 0
82 94 55 63 6.99895 0
82 382 87 365 6.99676 6465
82 114 47 67 6.99895 0
82 118 47 71 6.99895 0
82 122 47 75 6.99895 0
82 126 47 79 6.99895 0
334 10 280 11 6.98866 6032
334 18 369 51 6.98772 10550
338 2 279 0 6.98993 7359
338 14 283 15 6.98591 6684
342 10 285 9 6.99043 6944
342 14 287 15 6.98971 6944
342 22 396 62 6.98939 5884
86 2 19 0 6.99895 0
86 50 19 19 6.99895 0
86 54 19 23 6.99895 0
86 14 19 7 6.99895 0
86 58 19 27 6.99895 0
86 62 19 31 6.99895 0
86 66 53 37 6.99895 0
86 382 83 359 6.99701 6465
86 386 90 369 6.99613 8598
86 26 19 11 6.99895 0
86 114 51 67 6.99895 0
86 118 51 71 6.99895 0
86 30 19 15 6.99895 0
86 122 51 75 6.99895 0
86 126 51 79 6.99895 0
346 10 325 23 6.99075 7023
346 14 327 28 6.99069 7023
350 14 331 28 6.99075 7023
350 18 319 28 6.98571 6305
22 2 49 5 6.99099 6522
22 34 58 9 6.99551 4015
22 38 58 13 6.99846 3683
22 22 55 7 6.98874 4852
22 362 289 141 6.99895 3314
22 374 36 358 6.98617 8775
22 6 49 9 6.99097 6522
22 26 42 47 6.99073 4594
22 30 54 17 6.99187 4263
354 14 291 11 6.99074 7033
354 18 356 40 6.98855 7563
354 22 387 55 6.98353 6306
354 26 374 54 6.98787 7821
358 18 385 49 6.99061 7081
90 2 23 0 6.99895 0
90 50 23 19 6.99895 0
90 54 23 23 6.99895 0
90 14 23 7 6.99895 0
90 58 23 27 6.99895 0
90 62 23 31 6.99895 0
90 66 55 35 6.99895 0
90 382 87 359 6.99701 6465
90 386 94 369 6.99629 8598
90 390 51 358 6.9884 9100
90 26 23 11 6.99895 0
90 114 55 67 6.99895 0
90 118 55 71 6.99895 0
90 30 23 15 6.99895 0
90 122 55 75 6.99895 0
90 126 55 79 6.99895 0
362 2 283 0 6.99097 8176
362 18 389 49 6.99065 7081
366 2 287 0 6.99097 8176
366 18 295 11 6.99085 7028
366 354 191 67 6.99895 3529
366 358 191 71 6.99895 3529
366 394 391 225 6.99894 3818
366 398 393 230 6.99894 3818
370 22 371 44 6.98985 8128
370 386 354 341 6.99742 4292
370 390 354 345 6.99742 4292
374 34 345 45 6.9921 8195
374 22 375 44 6.98995 8128
374 374 343 372 6.99703 4993
374 378 342 379 6.9969 4993
374 382 342 383 6.99659 4993
374 386 342 387 6.99195 6084
374 390 341 393 6.99127 6084
374 394 357 351 6.98994 5727
94 2 27 0 6.99895 0
94 50 27 19 6.99895 0
94 54 27 23 6.99895 0
94 14 27 7 6.99895 0
94 58 27 27 6.99895 0
94 62 27 31 6.99895 0
94 66 59 35 6.99895 0
94 70 59 39 6.99895 0
94 74 59 43 6.99895 0
94 78 59 47 6.99895 0
94 82 59 51 6.99895 0
94 86 59 55 6.99895 0
94 90 59 59 6.99895 0
94 94 59 63 6.99895 0
94 386 115 375 6.99575 7676
94 26 27 11 6.99895 0
94 114 59 67 6.99895 0
94 118 59 71 6.99895 0
94 30 27 15 6.99895 0
94 122 59 75 6.99895 0
94 126 59 79 6.99895 0
378 362 373 288 6.99755 5457
378 370 364 321 6.9917 5825
378 374 364 325 6.99015 5825
378 382 362 337 6.98724 5825
378 386 351 372 6.98654 5537
378 394 347 390 6.98632 8393
382 350 363 316 6.99599 6228
382 354 385 258 6.9965 6153
382 358 385 262 6.99606 6153
382 362 363 328 6.99235 6228
382 378 364 339 6.98519 8493
382 382 363 345 6.98714 8493
382 386 363 349 6.99021 8493
382 390 363 353 6.99036 8493
6 366 9 346 6.98106 4876
6 370 7 349 6.98872 8705
386 358 385 273 6.98535 7256
386 362 384 279 6.98634 7256
386 374 369 332 6.98703 8030
386 30 305 23 6.98745 8940
390 322 379 263 6.99697 7808
390 326 380 268 6.99697 7808
390 330 361 326 6.9968 8027
390 346 360 343 6.98485 8374
390 354 369 325 6.98295 7808
390 358 373 317 6.98443 9774
98 2 31 0 6.99895 0
98 50 31 19 6.99895 0
98 54 31 23 6.99895 0
98 14 31 7 6.99895 0
98 58 31 27 6.99895 0
98 62 31 31 6.99895 0
98 66 63 35 6.99895 0
98 70 63 39 6.99895 0
98 74 63 43 6.99895 0
98 78 63 47 6.99895 0
98 82 63 51 6.99895 0
98 86 63 55 6.99895 0
98 358 99 351 6.99895 2842
98 90 63 59 6.99895 0
98 94 63 63 6.99895 0
98 394 98 376 6.98614 9386
98 26 31 11 6.99895 0
98 114 63 67 6.99895 0
98 118 63 71 6.99895 0
98 30 31 15 6.99895 0
98 122 63 75 6.99895 0
98 126 63 79 6.99895 0
394 34 393 56 6.98084 8222
394 18 387 35 6.99159 8673
394 318 380 272 6.99539 8493
394 322 380 276 6.9936 8493
394 326 380 280 6.99269 8493
394 330 378 289 6.98955 8742
394 350 390 273 6.98481 10503
394 22 387 39 6.99159 8673
394 354 395 263 6.98656 9847
394 374 392 279 6.9892 9847
394 26 319 21 6.99138 8751
394 30 321 26 6.99134 8751
398 18 391 35 6.99159 8673
398 322 398 236 6.98433 9376
398 326 398 240 6.9835 9376
398 22 391 39 6.99159 8673
398 354 397 263 6.98656 9847
398 26 323 21 6.99138 8751
398 30 325 26 6.99138 8751
102 2 65 0 6.99895 0
102 50 59 20 6.99895 0
102 14 64 7 6.99895 0
102 58 57 27 6.99895 0
102 62 55 31 6.99895 0
102 358 103 351 6.99895 2842
102 394 102 376 6.98657 9386
102 26 63 11 6.99895 0
102 30 61 15 6.99895 0
26 10 7 141 6.98873 4881
26 14 45 38 6.98944 4645
26 366 13 341 6.99889 3658
26 370 127 385 6.99129 4324
106 50 61 19 6.99895 0
106 54 61 23 6.99895 0
106 62 59 31 6.99895 0
106 358 107 351 6.99895 2842
106 394 105 376 6.99251 8976
106 26 65 11 6.99895 0
106 30 65 15 6.99895 0
110 58 63 27 6.99895 0
110 62 63 31 6.99895 0
110 358 111 351 6.99895 2842
110 394 109 376 6.99419 8976
114 2 71 0 6.99895 0
114 50 67 19 6.99895 0
114 54 67 23 6.99895 0
114 14 71 7 6.99895 0
114 58 67 27 6.99895 0
114 62 67 31 6.99895 0
114 398 164 398 6.98189 8415
114 26 71 11 6.99895 0
114 30 71 15 6.99895 0
118 394 99 369 6.9959 9286
30 2 58 2 6.98971 4242
30 366 17 341 6.99893 3658
30 374 57 363 6.98706 5180
30 378 60 368 6.99061 8506
122 50 71 19 6.99895 0
122 54 71 23 6.99895 0
122 58 71 27 6.99895 0
122 62 71 31 6.99895 0
126 2 75 0 6.99895 0
126 50 75 19 6.99895 0
126 54 75 23 6.99895 0
126 14 75 7 6.99895 0
126 58 75 27 6.99895 0
126 62 75 31 6.99895 0
126 26 75 11 6.99895 0
126 30 75 15 6.99895 0
