2 2 0 0 6.99895 0
2 50 0 19 6.99895 0
2 54 0 23 6.99895 0
2 14 0 7 6.99895 0
2 58 0 27 6.99895 0
2 62 0 31 6.99895 0
2 98 0 35 6.99895 0
2 102 0 39 6.99895 0
2 26 0 11 6.99895 0
2 106 0 43 6.99895 0
2 110 0 47 6.99895 0
2 114 0 51 6.99895 0
2 118 0 55 6.99895 0
2 30 0 15 6.99895 0
2 122 0 59 6.99895 0
2 126 0 63 6.99895 0
130 194 126 195 6.94297 32142
130 202 127 202 6.851 30052
130 206 127 206 6.83097 30052
130 218 121 211 6.82499 29985
134 178 395 383 6.99895 3119
134 182 395 387 6.99895 3119
134 186 397 393 6.99895 3119
134 190 399 399 6.99895 3119
134 198 131 197 6.41536 41363
134 202 131 202 6.84795 30052
134 206 133 206 6.82478 30052
134 210 133 209 6.5699 35897
134 214 133 212 6.53624 35897
134 218 127 209 6.71883 29985
34 2 19 0 6.99895 0
34 50 19 19 6.99895 0
34 54 19 23 6.99895 0
34 14 19 7 6.99895 0
34 58 19 27 6.99895 0
34 62 19 31 6.99895 0
34 98 19 35 6.99895 0
34 102 19 39 6.99895 0
34 26 19 11 6.99895 0
34 106 19 43 6.99895 0
34 110 19 47 6.99895 0
34 114 19 51 6.99895 0
34 118 19 55 6.99895 0
34 30 19 15 6.99895 0
34 122 19 59 6.99895 0
34 126 19 63 6.99895 0
138 174 399 63 6.99794 23113
138 190 132 192 6.77268 32622
138 198 136 197 6.48427 41363
138 202 135 202 6.66617 39858
138 206 136 206 6.66119 39858
138 210 136 209 6.58973 35897
138 218 136 213 6.5161 40322
138 230 399 0 6.99895 20882
138 246 395 7 6.99895 20982
142 186 143 175 6.05694 72882
142 202 141 202 6.61615 39858
142 206 141 206 6.66093 39858
142 214 141 209 6.54812 40322
142 218 141 215 6.51611 40322
146 146 35 395 6.99895 450
146 178 145 173 6.39994 42292
146 198 201 175 5.26681 166773
146 214 151 163 4.23669 307353
146 226 183 225 4.30053 256281
146 230 157 175 4.57275 230254
146 266 395 27 6.99895 21302
146 270 395 31 6.99895 21302
150 146 39 395 6.99895 450
150 166 147 158 6.84827 53220
150 174 147 170 6.63064 72331
150 178 148 176 6.49777 45376
150 182 148 180 6.50887 45376
150 194 147 193 6.50542 45376
150 198 147 197 6.53431 45376
150 206 147 204 6.39699 63283
150 210 183 217 4.35846 281179
150 214 183 221 4.44614 281179
150 230 185 227 4.19678 256281
150 250 166 272 6.88411 29260
150 254 165 276 6.85977 29260
150 262 168 286 6.99082 25916
38 2 23 0 6.99895 0
38 50 23 19 6.99895 0
38 54 23 23 6.99895 0
38 14 23 7 6.99895 0
38 58 23 27 6.99895 0
38 62 23 31 6.99895 0
38 98 23 35 6.99895 0
38 102 23 39 6.99895 0
38 26 23 11 6.99895 0
38 106 23 43 6.99895 0
38 110 23 47 6.99895 0
38 114 23 51 6.99895 0
38 118 23 55 6.99895 0
38 30 23 15 6.99895 0
38 122 23 59 6.99895 0
38 126 23 63 6.99895 0
154 146 107 397 6.99895 451
154 154 399 255 6.99895 16746
154 162 135 182 6.74262 43534
154 166 195 149 6.51777 35299
154 170 150 167 6.63481 72331
154 174 150 170 6.62497 72331
154 182 153 179 6.45601 45376
154 186 153 187 6.36231 50069
154 194 153 191 6.46525 45376
154 198 153 197 6.47776 45376
154 202 152 200 6.44674 63283
154 206 151 203 6.44496 63283
154 210 185 217 4.47203 281179
154 214 185 221 4.47238 281179
154 218 399 151 2.57433 61236
154 230 151 227 6.33021 63422
154 246 168 269 6.46257 62622
154 250 170 272 6.85987 29260
154 254 169 276 6.85332 29260
154 258 399 227 6.11262 51506
154 266 215 286 6.9989 23102
158 146 111 399 6.99895 451
158 154 157 151 6.00188 42529
158 158 141 177 6.71251 43534
158 162 140 181 6.71133 43534
158 170 157 161 6.27525 65913
158 174 155 164 6.30646 65913
158 182 147 231 3.76894 260797
158 186 157 189 6.36529 50069
158 198 189 180 5.3414 231582
158 230 157 227 6.34055 63422
158 246 173 268 6.25308 62622
158 262 227 287 6.68339 87433
162 146 51 399 6.99723 450
162 150 242 265 5.96747 39604
162 154 196 152 6.23454 50987
162 158 145 179 6.71789 43534
162 162 145 181 6.71731 43534
162 170 161 159 6.24375 65913
162 194 153 174 5.58233 262256
162 222 199 203 4.91448 269960
162 226 172 173 4.13642 336230
162 230 156 201 5.38335 180864
162 234 155 204 5.38643 180864
162 262 232 286 6.68127 87433
162 266 144 249 6.90698 28768
166 158 200 156 6.30603 50987
166 162 145 187 5.51074 127261
166 170 165 167 6.07603 75658
166 174 209 223 4.26024 275599
166 178 209 229 4.26443 275599
166 182 199 229 4.13586 283196
166 202 191 179 5.21816 205763
166 206 193 183 5.1428 205763
166 218 205 201 4.89937 269960
166 222 203 205 4.90514 269960
166 258 267 259 6.49186 53008
166 266 148 249 6.906 28768
166 270 147 252 6.92577 28768
166 274 399 195 6.78447 27131
166 278 218 283 6.92935 30062
42 2 27 0 6.99895 0
42 50 27 19 6.99895 0
42 54 27 23 6.99895 0
42 14 27 7 6.99895 0
42 58 27 27 6.99895 0
42 62 27 31 6.99895 0
42 98 27 35 6.99895 0
42 102 27 39 6.99895 0
42 26 27 11 6.99895 0
42 106 27 43 6.99895 0
42 110 27 47 6.99895 0
42 114 27 51 6.99895 0
42 118 27 55 6.99895 0
42 30 27 15 6.99895 0
42 122 27 59 6.99895 0
42 126 27 63 6.99895 0
170 146 123 399 6.99895 451
170 150 217 149 6.96529 25259
170 154 217 153 6.935 28694
170 162 177 159 6.28423 53944
170 166 177 163 6.21882 53944
170 182 203 227 4.06659 283196
170 186 201 231 3.91196 283196
170 206 175 203 5.7896 101138
170 218 174 215 5.54497 176056
170 222 175 221 5.50094 176056
170 242 229 209 3.8502 283026
170 246 229 213 3.73822 283026
170 274 151 252 6.68017 33270
170 290 399 19 6.92366 36714
170 294 399 23 6.92366 36714
174 146 127 397 6.99895 451
174 150 243 167 6.98982 23667
174 154 220 153 6.94302 28694
174 158 220 157 6.50328 63110
174 162 180 159 6.33611 53944
174 170 179 164 6.16665 91696
174 182 207 227 3.88006 278671
174 198 387 159 1.52429 100164
174 202 177 200 5.81398 101138
174 206 177 204 5.81289 101138
174 214 173 216 6.14818 103101
174 226 163 217 4.32886 256861
174 230 163 220 4.31766 256861
174 242 233 209 3.8179 283026
174 246 233 213 3.75393 283026
174 262 163 271 5.35148 336395
174 274 153 252 6.48003 39007
178 166 169 157 5.63795 117013
178 174 173 169 5.9046 105496
178 178 168 173 5.74034 117013
178 182 209 227 3.79044 278671
178 198 391 159 1.52384 100164
178 214 179 217 6.1314 103101
178 218 178 220 6.14169 103101
178 222 165 197 4.46734 251331
178 226 167 215 4.28348 256861
178 230 167 219 4.04262 256861
182 178 171 171 5.76007 117013
182 190 156 179 5.22963 217667
182 210 209 189 4.83424 249395
182 290 168 257 6.49824 66628
46 2 31 0 6.99895 0
46 50 31 19 6.99895 0
46 54 31 23 6.99895 0
46 14 31 7 6.99895 0
46 58 31 27 6.99895 0
46 62 31 31 6.99895 0
46 98 31 35 6.99895 0
46 102 31 39 6.99895 0
46 26 31 11 6.99895 0
46 106 31 43 6.99895 0
46 110 31 47 6.99895 0
46 114 31 51 6.99895 0
46 118 31 55 6.99895 0
46 30 31 15 6.99895 0
46 122 31 59 6.99895 0
46 126 31 63 6.99895 0
186 166 167 223 4.65537 243708
186 170 166 225 4.64975 243708
186 190 165 241 4.3855 251547
186 206 167 239 3.99568 237323
186 214 213 191 4.79192 249395
186 218 199 167 3.82134 314190
186 222 199 172 3.75194 314190
186 254 227 257 5.39063 126157
186 258 227 261 5.20571 126157
186 274 271 249 5.8208 54468
186 278 271 252 5.78571 54468
186 282 391 259 4.71106 96642
186 290 151 257 6.5859 285304
190 162 200 153 6.57613 39769
190 166 169 223 4.6469 243708
190 170 169 225 4.65432 243708
190 186 161 233 4.32751 278211
190 202 171 235 4.18564 237323
190 206 171 239 4.06351 237323
190 222 215 193 4.37562 279624
190 226 137 225 3.43544 314155
190 230 137 229 3.82356 314155
190 282 175 248 6.07343 56434
190 290 153 257 6.56109 285304
194 162 203 151 6.56278 39769
194 182 201 171 6.34283 54744
194 186 165 232 4.31473 278211
194 218 221 189 4.3727 279624
194 230 140 227 3.92914 314155
194 266 185 243 5.58353 81831
194 282 272 257 5.98851 85764
194 290 159 261 6.65503 285304
198 154 19 395 6.99895 2999
198 170 203 163 6.73853 43720
198 174 202 165 6.72988 43720
198 266 188 243 5.55668 81831
198 270 187 245 5.67412 81831
198 286 179 251 6.16672 56434
202 154 23 395 6.99895 2999
202 170 207 163 6.72536 43720
202 174 207 166 6.71487 43720
202 178 220 183 5.53541 138023
202 278 187 253 6.03571 81831
206 154 161 144 6.99391 24453
206 198 287 391 1.65083 121808
206 262 239 243 5.381 274659
206 266 206 269 6.6829 45838
206 270 207 273 6.66367 45838
206 274 193 250 6.02569 81831
210 166 169 161 6.24065 44843
210 198 198 199 5.36229 144678
210 202 214 201 6.15316 61496
210 206 213 205 6.15635 61496
210 218 387 399 1.36586 94135
210 254 225 265 6.67613 81628
210 262 241 241 5.39292 274659
210 266 211 271 6.69766 45838
210 270 209 273 6.66663 45838
214 162 228 162 6.33948 83404
214 166 173 161 6.19292 44843
214 170 173 165 6.31458 44843
214 194 169 193 4.96024 232964
214 198 201 200 5.3899 144678
214 206 217 203 6.06094 61496
214 218 391 399 1.36758 94135
214 230 193 213 4.20505 263757
218 162 257 223 5.9302 64352
218 190 173 187 4.99798 232964
218 194 222 193 6.05406 61496
218 198 222 197 6.12745 61496
218 218 221 217 5.56975 159672
218 222 221 221 5.62991 159672
218 230 197 211 4.15895 263757
218 250 257 243 6.31398 116547
218 278 253 203 4.28887 227340
222 182 193 188 5.19844 211525
222 186 187 167 6.10531 70684
222 190 187 171 6.07565 70684
222 194 225 193 6.0831 61496
222 198 226 197 6.13392 61496
222 214 227 187 4.27029 231755
222 218 227 215 5.49645 159672
222 222 227 219 5.48455 159672
222 226 236 207 4.34934 238480
222 230 237 211 4.23681 238480
222 266 247 251 6.30325 92117
222 278 258 203 4.50063 227340
222 282 173 255 6.22521 80962
222 286 253 271 6.54997 80433
222 290 255 273 6.56159 80433
14 2 7 0 6.99895 0
14 50 7 19 6.99895 0
14 54 7 23 6.99895 0
14 14 7 7 6.99895 0
14 58 7 27 6.99895 0
14 62 7 31 6.99895 0
14 98 7 35 6.99895 0
14 102 7 39 6.99895 0
14 26 7 11 6.99895 0
14 106 7 43 6.99895 0
14 110 7 47 6.99895 0
14 114 7 51 6.99895 0
14 118 7 55 6.99895 0
14 30 7 15 6.99895 0
14 122 7 59 6.99895 0
14 126 7 63 6.99895 0
226 178 229 173 6.51909 48894
226 182 230 176 6.53247 48894
226 186 190 167 6.06438 70684
226 190 189 171 6.02681 70684
226 202 230 201 6.22408 61496
226 206 230 205 6.25103 61496
226 214 231 187 4.11012 231755
226 218 231 216 5.97414 104995
230 154 31 395 6.99895 3007
230 178 235 172 6.53583 48894
230 182 234 177 6.54858 48894
230 190 169 228 4.24647 295577
230 198 171 187 5.06605 235840
230 202 235 200 6.18112 61496
230 206 233 205 6.21169 61496
230 210 239 189 4.47259 231755
230 218 237 217 5.92626 104995
230 222 235 220 6.0818 104995
234 166 235 164 6.66919 37320
234 170 235 168 6.65802 37320
234 202 243 187 5.15422 177876
234 206 243 193 5.11254 177876
234 226 236 223 5.73153 120057
234 266 255 248 6.30984 92117
234 274 263 243 6.31638 89160
238 166 237 165 6.66791 37320
238 170 237 169 6.68107 37320
238 174 239 173 6.18747 48894
238 194 175 231 4.04371 295577
238 202 247 187 5.15874 177876
238 262 231 257 6.71223 55816
238 266 231 281 6.38305 90074
242 174 217 157 6.80383 30063
242 194 247 193 6.1943 69267
242 198 245 197 6.16883 69267
242 262 235 278 6.40355 90074
242 266 234 281 6.34015 90074
242 270 267 242 6.38958 49042
242 278 175 247 5.81984 86450
242 282 230 261 6.03384 68787
246 194 251 195 6.20776 69267
246 198 251 198 6.18792 69267
246 270 271 243 6.22763 49042
246 274 271 247 6.33003 49042
250 186 256 183 6.85233 30476
250 190 255 187 6.78969 30476
250 194 254 195 6.77736 30476
250 198 255 198 6.6531 30476
250 226 191 160 3.88735 269797
254 186 223 147 6.99895 3125
254 190 225 152 6.99895 3125
254 226 193 161 3.55454 269797
254 230 259 230 6.34065 52391
254 234 261 235 6.36472 52391
254 242 185 279 6.07379 83519
254 254 249 235 4.81519 280431
258 186 227 147 6.99895 3125
258 190 227 151 6.99895 3125
258 222 261 219 6.14041 51416
258 230 265 229 6.25419 52391
258 234 267 234 6.68963 45588
258 238 265 238 6.68446 45588
258 242 189 279 5.95259 83519
258 254 191 271 6.03188 63703
262 186 227 143 6.99895 3125
262 206 282 246 6.99875 23173
262 234 270 235 6.67191 45588
262 238 269 238 6.68009 45588
262 254 195 271 6.08746 63703
262 258 222 282 6.32238 83216
262 262 183 287 6.45425 63703
266 258 225 283 6.29676 83216
266 270 266 269 6.93019 33279
270 238 179 145 5.57987 44510
270 246 275 229 6.58232 38418
270 250 276 233 6.49903 38418
270 254 199 271 6.47631 85697
270 258 199 275 6.41046 85697
270 262 230 286 6.34303 83216
270 266 271 265 6.91269 30044
270 270 271 268 6.89149 30044
270 274 223 286 6.89007 43343
274 234 251 279 6.36506 38333
274 258 201 284 6.90683 33237
274 266 275 265 6.91521 30044
274 270 275 269 6.87279 30044
290 246 223 271 6.93882 36889
294 246 227 271 6.93882 36889
82 2 35 0 6.99895 0
82 50 35 19 6.99895 0
82 54 35 23 6.99895 0
82 14 35 7 6.99895 0
82 58 35 27 6.99895 0
82 62 35 31 6.99895 0
82 98 35 35 6.99895 0
82 102 35 39 6.99895 0
82 26 35 11 6.99895 0
82 106 35 43 6.99895 0
82 110 35 47 6.99895 0
82 114 35 51 6.99895 0
82 118 35 55 6.99895 0
82 30 35 15 6.99895 0
82 122 35 59 6.99895 0
82 126 35 63 6.99895 0
86 2 39 0 6.99895 0
86 50 39 19 6.99895 0
86 54 39 23 6.99895 0
86 14 39 7 6.99895 0
86 58 39 27 6.99895 0
86 62 39 31 6.99895 0
86 98 39 35 6.99895 0
86 102 39 39 6.99895 0
86 26 39 11 6.99895 0
86 106 39 43 6.99895 0
86 110 39 47 6.99895 0
86 114 39 51 6.99895 0
86 118 39 55 6.99895 0
86 30 39 15 6.99895 0
86 122 39 59 6.99895 0
86 126 39 63 6.99895 0
90 2 43 0 6.99895 0
90 50 43 19 6.99895 0
90 54 43 23 6.99895 0
90 14 43 7 6.99895 0
90 58 43 27 6.99895 0
90 62 43 31 6.99895 0
90 98 43 35 6.99895 0
90 102 43 39 6.99895 0
90 26 43 11 6.99895 0
90 106 43 43 6.99895 0
90 110 43 47 6.99895 0
90 114 43 51 6.99895 0
90 118 43 55 6.99895 0
90 30 43 15 6.99895 0
90 122 43 59 6.99895 0
90 126 43 63 6.99895 0
94 2 47 0 6.99895 0
94 50 47 19 6.99895 0
94 54 47 23 6.99895 0
94 14 47 7 6.99895 0
94 58 47 27 6.99895 0
94 62 47 31 6.99895 0
94 98 47 35 6.99895 0
94 102 47 39 6.99895 0
94 26 47 11 6.99895 0
94 106 47 43 6.99895 0
94 110 47 47 6.99895 0
94 114 47 51 6.99895 0
94 118 47 55 6.99895 0
94 30 47 15 6.99895 0
94 122 47 59 6.99895 0
94 126 47 63 6.99895 0
98 2 51 0 6.99895 0
98 50 51 19 6.99895 0
98 54 51 23 6.99895 0
98 14 51 7 6.99895 0
98 58 51 27 6.99895 0
98 62 51 31 6.99895 0
98 98 51 35 6.99895 0
98 102 51 39 6.99895 0
98 26 51 11 6.99895 0
98 106 51 43 6.99895 0
98 110 51 47 6.99895 0
98 114 51 51 6.99895 0
98 118 51 55 6.99895 0
98 30 51 15 6.99895 0
98 122 51 59 6.99895 0
98 126 51 63 6.99895 0
102 2 55 0 6.99895 0
102 50 55 19 6.99895 0
102 54 55 23 6.99895 0
102 14 55 7 6.99895 0
102 58 55 27 6.99895 0
102 62 55 31 6.99895 0
102 98 55 35 6.99895 0
102 102 55 39 6.99895 0
102 26 55 11 6.99895 0
102 106 55 43 6.99895 0
102 110 55 47 6.99895 0
102 114 55 51 6.99895 0
102 118 55 55 6.99895 0
102 30 55 15 6.99895 0
102 122 55 59 6.99895 0
102 126 55 63 6.99895 0
26 2 11 0 6.99895 0
26 50 11 19 6.99895 0
26 54 11 23 6.99895 0
26 14 11 7 6.99895 0
26 58 11 27 6.99895 0
26 62 11 31 6.99895 0
26 98 11 35 6.99895 0
26 102 11 39 6.99895 0
26 26 11 11 6.99895 0
26 106 11 43 6.99895 0
26 110 11 47 6.99895 0
26 114 11 51 6.99895 0
26 118 11 55 6.99895 0
26 30 11 15 6.99895 0
26 122 11 59 6.99895 0
26 126 11 63 6.99895 0
106 2 59 0 6.99895 0
106 194 171 391 6.99895 3262
106 50 59 19 6.99895 0
106 54 59 23 6.99895 0
106 14 59 7 6.99895 0
106 58 59 27 6.99895 0
106 62 59 31 6.99895 0
106 98 59 35 6.99895 0
106 102 59 39 6.99895 0
106 26 59 11 6.99895 0
106 106 59 43 6.99895 0
106 110 59 47 6.99895 0
106 114 59 51 6.99895 0
106 118 59 55 6.99895 0
106 30 59 15 6.99895 0
106 122 59 59 6.99895 0
106 126 59 63 6.99895 0
110 2 63 0 6.99895 0
110 194 175 391 6.99895 3262
110 50 63 19 6.99895 0
110 54 63 23 6.99895 0
110 14 63 7 6.99895 0
110 58 63 27 6.99895 0
110 62 63 31 6.99895 0
110 98 63 35 6.99895 0
110 102 63 39 6.99895 0
110 26 63 11 6.99895 0
110 106 63 43 6.99895 0
110 110 63 47 6.99895 0
110 114 63 51 6.99895 0
110 118 63 55 6.99895 0
110 30 63 15 6.99895 0
110 122 63 59 6.99895 0
110 126 63 63 6.99895 0
118 206 115 203 6.93566 28665
118 210 395 379 6.8913 119184
30 2 15 0 6.99895 0
30 50 15 19 6.99895 0
30 54 15 23 6.99895 0
30 14 15 7 6.99895 0
30 58 15 27 6.99895 0
30 62 15 31 6.99895 0
30 98 15 35 6.99895 0
30 102 15 39 6.99895 0
30 26 15 11 6.99895 0
30 106 15 43 6.99895 0
30 110 15 47 6.99895 0
30 114 15 51 6.99895 0
30 118 15 55 6.99895 0
30 30 15 15 6.99895 0
30 122 15 59 6.99895 0
30 126 15 63 6.99895 0
122 194 395 191 6.99892 23081
122 198 120 197 6.98061 24764
122 202 120 201 6.93206 28665
122 206 120 204 6.923 28665
122 210 399 379 6.88723 119184
126 194 399 191 6.99806 23081
126 198 145 167 6.90634 28912
