132 188 104 146 5.99936 673
132 220 138 182 5.95013 2310
132 228 398 0 5.99936 844
132 252 390 14 5.99936 844
132 276 382 22 5.99936 844
132 284 382 30 5.99936 844
140 212 144 174 5.81971 3729
140 220 146 180 5.81078 3729
148 180 138 186 5.87733 3176
148 212 150 212 5.53594 5412
148 220 150 220 5.57559 5412
156 156 398 398 5.99936 548
156 180 140 224 5.71919 4474
156 212 158 214 5.4633 6037
156 220 158 220 5.51928 6037
156 228 158 228 5.51625 6037
156 236 158 234 5.46128 6037
156 244 152 258 5.75139 4154
164 156 154 156 5.95787 2331
164 164 156 170 5.50262 4560
164 172 156 176 5.58347 4560
164 180 158 186 5.50739 5551
164 212 166 212 5.49835 7576
164 220 166 220 5.45402 7576
164 228 164 228 5.50247 7576
164 236 164 236 5.50062 7576
164 244 162 244 5.38989 12205
172 148 160 148 5.96274 2238
172 156 160 156 5.86454 3377
172 172 166 174 5.39104 5760
172 180 182 180 5.33618 8032
172 196 182 194 5.26153 11232
172 212 172 212 5.34006 11672
172 220 172 220 5.3945 12205
172 228 170 228 5.39366 12205
172 236 170 236 5.39985 12205
172 244 172 244 5.3992 12205
44 164 46 86 5.99936 0
44 204 46 126 5.99936 0
44 212 46 134 5.99936 0
44 220 46 142 5.99936 0
180 148 154 160 5.82995 3628
180 156 168 158 5.60958 4540
180 164 182 164 5.33517 7498
180 172 188 172 5.30763 8032
180 180 190 180 5.41078 7498
180 188 190 188 5.4363 8032
180 196 190 196 5.42706 8032
180 212 178 212 5.37466 11672
180 220 178 220 5.37076 11672
180 228 178 228 5.34455 11672
180 236 176 236 5.34277 11672
180 260 166 260 5.43826 5370
180 268 162 266 5.57582 4084
180 276 162 278 5.91841 3371
188 164 190 164 5.29171 7498
188 172 196 172 5.36301 8032
188 180 198 180 5.39227 7498
188 188 198 188 5.43604 8032
188 196 196 196 5.42789 8032
188 204 196 202 5.16914 10110
188 212 190 212 5.33857 9051
188 220 190 220 5.35099 9051
188 228 186 226 5.20689 17145
188 244 182 246 5.31442 7605
188 252 182 252 5.30221 7605
188 260 174 260 5.40586 5305
188 268 174 268 5.54973 4229
188 276 168 276 5.75259 3738
12 164 38 102 5.99936 0
12 188 34 118 5.99936 0
12 212 22 134 5.99936 0
196 156 178 152 5.21725 9256
196 164 204 166 5.24827 9524
196 172 204 172 5.30254 11074
196 180 204 180 5.35137 9524
196 188 204 188 5.32525 9524
196 196 204 196 5.2355 11232
196 220 198 220 5.16 20517
196 228 198 228 5.12269 20517
196 236 198 236 5.17048 20209
196 244 198 244 5.15207 15300
196 252 198 250 5.12716 15300
196 260 186 260 5.30198 6860
196 268 182 268 5.44074 5479
196 276 180 274 5.58858 4337
196 284 182 284 5.60179 4337
196 292 184 290 5.54969 22941
196 300 174 286 5.77302 20529
196 124 162 104 5.99936 164
204 140 186 144 5.45357 5505
204 156 190 152 5.01791 11326
204 164 212 164 5.18763 9524
204 172 212 172 5.30708 9524
204 180 212 180 5.35123 9524
204 188 212 188 5.33783 9524
204 196 210 196 5.21453 11417
204 204 206 206 4.93994 21213
204 212 204 212 5.01772 13702
204 220 202 218 5.02802 22096
204 228 202 228 5.06759 27089
204 236 206 236 5.14956 27089
204 244 206 244 5.15778 15300
204 252 206 252 5.19633 15300
204 260 198 260 5.31451 9118
204 268 192 268 5.45316 5839
204 276 190 274 5.5385 4721
204 284 190 282 5.51925 4721
204 292 194 292 5.56726 22941
204 300 190 300 5.75163 5839
52 164 54 86 5.99936 0
52 172 54 94 5.99936 0
52 180 54 102 5.99936 0
52 188 54 110 5.99936 0
52 196 54 118 5.99936 0
52 204 54 126 5.99936 0
52 52 22 22 5.99936 0
52 212 54 134 5.99936 0
52 220 54 142 5.99936 0
52 60 22 30 5.99936 0
52 4 22 0 5.99936 0
52 68 22 38 5.99936 0
52 76 22 46 5.99936 0
52 84 22 54 5.99936 0
52 92 22 62 5.99936 0
52 28 22 14 5.99936 0
212 132 198 132 5.71128 4232
212 164 218 164 4.91583 11404
212 172 222 172 5.25861 11859
212 180 222 180 5.26266 11859
212 188 220 188 5.22601 11859
212 196 218 196 5.23103 11859
212 204 220 202 5.0864 20193
212 212 214 210 4.9139 17448
212 220 210 220 5.09444 29974
212 228 210 228 5.18645 23066
212 236 212 236 5.1874 23066
212 244 210 242 4.96391 22886
212 252 212 252 4.98181 17352
212 260 210 260 5.40593 7754
212 268 200 268 5.51844 7680
212 276 200 276 5.66415 6203
212 292 202 292 5.63901 6203
212 300 198 300 5.52585 6203
220 132 206 132 5.74144 4164
220 140 204 142 5.52474 5505
220 148 202 150 5.29938 7133
220 164 228 162 4.95778 11404
220 172 230 172 5.27143 11859
220 180 230 180 5.2819 11859
220 188 226 190 5.20692 11859
220 196 226 196 5.24301 11859
220 204 228 204 5.13264 20193
220 212 222 214 5.00867 21194
220 220 218 220 5.14069 31309
220 228 218 228 5.20257 21194
220 236 218 236 5.2999 22622
220 244 218 244 5.27856 22622
220 252 218 252 5.22602 17352
220 260 216 260 5.40179 7754
220 268 218 268 5.49001 7887
220 276 220 276 5.61426 6493
220 124 204 124 5.84193 3703
228 132 212 132 5.74837 4164
228 140 212 140 5.56842 5505
228 148 214 148 5.34499 7133
228 180 236 180 5.06798 21213
228 188 234 188 5.06046 21213
228 212 228 212 5.2459 16585
228 220 228 220 5.26154 16585
228 228 226 228 5.23096 23066
228 236 226 236 5.27709 22622
228 244 226 244 5.30016 15300
228 260 224 260 5.38442 11048
228 268 228 268 5.45065 7887
228 124 214 126 5.83958 3743
236 132 218 132 5.72138 4232
236 140 224 146 4.89802 7107
236 156 234 156 5.06448 13300
236 204 236 206 5.12799 28173
236 212 236 212 5.27659 16585
236 220 236 220 5.26295 16585
236 228 234 228 5.25406 27089
236 236 232 234 5.27327 22622
236 244 234 246 5.31487 17352
236 252 230 252 5.3031 16340
236 260 238 260 5.35305 10165
236 268 236 268 5.43253 7596
236 276 236 276 5.66042 6493
236 284 234 284 5.68882 6493
236 292 234 292 5.68781 6493
236 124 204 118 5.83272 3959
60 164 62 86 5.99936 0
60 172 62 94 5.99936 0
60 180 62 102 5.99936 0
60 188 62 110 5.99936 0
60 196 62 118 5.99936 0
60 204 62 126 5.99936 0
60 52 30 22 5.99936 0
60 212 62 134 5.99936 0
60 220 62 142 5.99936 0
60 60 30 30 5.99936 0
60 4 30 0 5.99936 0
60 68 30 38 5.99936 0
60 76 30 46 5.99936 0
60 84 30 54 5.99936 0
60 92 30 62 5.99936 0
60 28 30 14 5.99936 0
244 132 230 134 5.46743 4829
244 140 234 138 5.2692 7389
244 164 238 166 4.90371 35647
244 172 238 172 4.91208 35647
244 196 244 196 5.11015 35647
244 204 244 204 5.06417 28173
244 212 242 212 5.22886 17448
244 220 244 220 5.25566 17448
244 228 240 228 5.24254 27089
244 236 240 236 5.28655 22622
244 244 240 244 5.29957 17352
244 252 238 252 5.29543 16340
244 260 242 260 5.40249 10253
244 268 244 268 5.62195 7680
244 276 244 276 5.72592 6203
244 284 242 284 5.69971 6203
244 292 242 292 5.67333 6493
252 132 240 132 5.34907 7389
252 140 240 140 5.37346 7389
252 148 242 150 5.11995 29679
252 156 242 156 5.15892 13300
252 164 242 164 5.12864 29679
252 172 244 172 5.08807 29679
252 180 244 180 5.02433 29679
252 188 246 188 5.12562 29679
252 196 252 196 5.20128 31536
252 204 250 204 5.2022 31536
252 212 250 212 5.08587 31904
252 220 250 220 5.22454 31904
252 228 250 228 5.21199 27089
252 236 248 236 5.2573 27089
252 244 248 244 5.32878 17352
252 252 248 252 5.28385 17352
252 260 254 260 5.45702 10253
252 268 250 266 5.65149 9430
252 276 252 276 5.7564 6661
252 284 250 284 5.73912 6661
4 164 34 106 5.99936 0
4 180 30 114 5.99936 0
4 196 26 122 5.99936 0
4 52 0 22 5.99936 0
4 212 18 138 5.99936 0
4 60 0 30 5.99936 0
4 4 0 0 5.99936 0
4 68 0 38 5.99936 0
4 76 0 46 5.99936 0
4 84 0 54 5.99936 0
4 356 0 70 5.99936 14
4 364 0 78 5.99936 14
4 92 0 62 5.99936 0
4 372 0 86 5.99936 14
4 380 0 94 5.99936 14
4 388 0 110 5.99936 14
4 396 0 118 5.99936 14
4 28 0 14 5.99936 0
260 156 250 156 5.16258 13300
260 164 250 164 5.09961 29679
260 172 252 172 5.05944 23667
260 180 252 180 5.16155 23667
260 188 262 188 5.2354 31868
260 196 258 196 5.25177 30655
260 204 260 204 5.16934 30655
260 212 260 212 5.29995 30655
260 220 260 220 5.3069 30655
260 228 258 226 5.26951 31447
260 236 256 236 5.26672 27089
260 252 258 252 5.31227 16676
260 260 260 258 5.42226 11048
260 268 260 268 5.64512 9430
260 276 260 276 5.75714 6661
260 284 258 284 5.75359 6661
268 172 260 172 5.32036 28022
268 196 266 196 5.32927 28022
268 204 268 204 5.3463 28022
268 212 268 210 5.35363 28022
268 220 266 220 5.3741 28022
268 228 266 228 5.28336 31447
268 244 262 244 5.24986 22622
268 252 268 252 5.36967 16340
268 260 270 260 5.41268 10253
268 268 266 270 5.54742 7680
268 276 266 276 5.74115 6203
68 36 66 40 5.99936 0
68 52 62 48 5.99936 0
68 68 58 56 5.99936 0
68 84 50 72 5.99936 0
276 148 270 148 5.52072 20566
276 196 276 196 5.49655 16982
276 204 276 204 5.50718 20566
276 212 278 212 5.42049 23315
276 220 276 220 5.41289 23315
276 228 278 226 5.26636 31447
276 252 276 252 5.35619 16340
276 260 278 260 5.38519 11048
276 268 278 268 5.5965 9430
276 124 250 112 5.8133 4036
284 140 280 140 5.34218 29679
284 148 278 148 5.51271 20566
284 156 278 156 5.51691 20566
284 188 282 188 5.53461 16982
284 196 282 196 5.53574 16982
284 204 284 204 5.49741 20566
284 212 284 212 5.44643 23315
284 220 284 220 5.46407 23315
284 124 230 124 5.76302 5173
292 140 250 142 5.42533 28595
292 148 248 150 5.40334 28595
292 124 242 124 5.68309 4242
300 124 252 126 5.7742 5155
76 36 70 38 5.99936 0
76 60 66 54 5.99936 0
76 84 54 70 5.99936 0
308 116 262 116 5.80737 5252
308 124 262 122 5.83821 5252
316 132 272 132 5.67082 10045
316 236 278 236 5.45563 31959
316 244 278 242 5.40552 33176
316 252 280 250 5.39537 33176
316 276 282 278 5.85864 8621
316 124 272 124 5.8459 5474
20 164 40 94 5.99936 0
20 212 30 134 5.99936 0
20 220 30 142 5.99936 0
324 132 282 130 5.70505 10326
324 228 290 226 5.50104 31475
324 236 290 236 5.47773 31475
324 244 292 244 5.43206 37753
324 252 294 250 5.56834 30456
324 260 292 262 5.62174 20694
324 268 290 268 5.64009 12352
324 276 292 276 5.81933 9239
324 284 292 286 5.86855 9239
324 124 282 122 5.8495 5249
332 132 294 132 5.70977 11461
332 140 294 140 5.63258 22259
332 148 294 148 5.64071 34477
332 164 298 162 5.61557 40224
332 172 296 172 5.60012 33807
332 180 296 178 5.63572 33807
332 220 298 218 5.59095 31842
332 228 298 228 5.61691 31842
332 236 300 236 5.60729 31842
332 244 300 244 5.59864 33137
332 252 302 254 5.70335 30875
332 260 302 260 5.69313 30875
332 268 302 268 5.78689 11771
332 124 292 124 5.88986 5612
84 36 72 30 5.99936 0
84 4 38 0 5.99936 0
84 84 62 70 5.99936 0
84 92 62 78 5.99936 0
84 28 38 14 5.99936 0
340 132 302 132 5.71381 11461
340 148 302 146 5.67358 31621
340 164 306 162 5.62631 16982
340 172 306 172 5.57528 31705
340 180 306 182 5.63356 31705
340 196 306 194 5.66042 16982
340 212 304 210 5.59609 31842
340 220 308 220 5.59029 31523
340 228 310 228 5.70051 31523
340 236 310 236 5.67643 31523
340 244 310 244 5.61072 33137
340 252 310 254 5.69847 29965
340 260 310 260 5.66372 29965
340 268 316 262 5.85734 10910
340 276 310 278 5.94359 7352
348 172 316 172 5.58959 31705
348 180 318 182 5.58457 31705
348 204 318 202 5.61411 35448
348 212 318 212 5.6164 31842
348 220 318 220 5.65181 31842
348 236 320 236 5.69303 31523
348 244 322 244 5.59804 32332
348 252 322 252 5.64613 29965
348 124 278 114 5.95319 4781
356 132 324 132 5.8218 9575
356 140 324 140 5.726 21783
356 172 326 172 5.58709 31705
356 180 326 180 5.56936 31705
356 188 326 188 5.55696 31705
356 204 328 204 5.56594 36760
356 212 328 214 5.62351 31842
356 244 330 244 5.70348 33254
356 252 330 254 5.76185 29965
356 124 232 114 5.95236 5589
364 132 334 132 5.73065 22259
364 124 290 116 5.94342 4781
92 44 78 38 5.99936 0
92 52 78 46 5.99936 0
92 60 78 54 5.99936 0
92 4 46 0 5.99936 0
92 76 70 62 5.99936 0
92 84 70 70 5.99936 0
92 92 70 78 5.99936 0
92 28 46 14 5.99936 0
100 180 70 86 5.99936 0
100 188 70 94 5.99936 0
100 12 82 10 5.99936 0
100 196 70 102 5.99936 0
100 204 70 110 5.99936 0
100 212 70 118 5.99936 0
100 220 70 126 5.99936 0
100 4 82 6 5.99936 0
100 20 78 16 5.99936 0
108 180 78 86 5.99936 0
108 188 78 94 5.99936 0
108 196 78 102 5.99936 0
108 204 78 110 5.99936 0
108 212 78 118 5.99936 0
108 220 78 126 5.99936 0
108 76 78 62 5.99936 0
108 84 78 70 5.99936 0
108 92 78 78 5.99936 0
108 28 82 22 5.99936 0
28 172 46 102 5.99936 0
28 180 46 110 5.99936 0
28 188 46 118 5.99936 0
28 204 38 126 5.99936 0
28 52 14 22 5.99936 0
28 212 38 134 5.99936 0
28 220 38 142 5.99936 0
28 60 14 30 5.99936 0
28 4 14 0 5.99936 0
28 68 14 38 5.99936 0
28 76 14 46 5.99936 0
28 84 14 54 5.99936 0
28 356 14 70 5.99936 14
28 364 14 78 5.99936 14
28 92 14 62 5.99936 0
28 372 14 86 5.99936 14
28 380 14 94 5.99936 14
28 28 14 14 5.99936 0
116 132 102 38 5.99936 0
116 140 102 46 5.99936 0
116 148 102 54 5.99936 0
116 156 102 62 5.99936 0
116 44 86 30 5.99936 0
116 180 86 86 5.99936 0
116 188 86 94 5.99936 0
116 196 86 102 5.99936 0
116 204 86 110 5.99936 0
116 52 86 38 5.99936 0
116 212 86 118 5.99936 0
116 220 86 126 5.99936 0
116 60 86 46 5.99936 0
116 68 86 54 5.99936 0
116 76 86 62 5.99936 0
116 84 86 70 5.99936 0
116 92 86 78 5.99936 0
116 100 102 6 5.99936 0
116 108 102 14 5.99936 0
116 116 102 22 5.99936 0
116 124 102 30 5.99936 0
124 132 110 38 5.99936 0
124 140 110 46 5.99936 0
124 148 110 54 5.99936 0
124 156 110 62 5.99936 0
124 44 94 30 5.99936 0
124 180 94 86 5.99936 0
124 188 94 94 5.99936 0
124 196 94 102 5.99936 0
124 204 94 110 5.99936 0
124 52 94 38 5.99936 0
124 212 94 118 5.99936 0
124 220 94 126 5.99936 0
124 60 94 46 5.99936 0
124 4 94 0 5.99936 0
124 68 94 54 5.99936 0
124 76 94 62 5.99936 0
124 20 94 14 5.99936 0
124 84 94 70 5.99936 0
124 92 94 78 5.99936 0
124 100 110 6 5.99936 0
124 108 110 14 5.99936 0
124 28 94 22 5.99936 0
124 116 110 22 5.99936 0
124 124 110 30 5.99936 0
