132 132 98 14 5.99778 12
132 172 94 54 5.99778 12
132 180 94 62 5.99778 12
132 188 78 70 5.99778 12
132 196 78 78 5.99778 12
132 204 78 86 5.99778 12
132 212 78 94 5.99778 12
132 220 78 102 5.99778 12
132 228 78 110 5.99778 12
132 236 78 118 5.99778 12
132 244 78 126 5.99778 12
132 252 78 190 5.99756 33
132 260 78 206 5.99741 2
132 268 78 214 5.99741 2
132 276 78 222 5.99741 2
132 284 70 230 5.99745 0
132 292 70 238 5.99745 0
132 300 70 246 5.99745 0
132 308 70 254 5.99745 0
132 316 70 262 5.99745 0
132 324 70 270 5.99745 0
132 332 70 278 5.99745 0
132 340 70 286 5.99745 0
132 372 72 346 5.993 192
132 124 98 6 5.99778 12
140 140 102 22 5.99778 12
140 148 102 30 5.99778 12
140 156 102 38 5.99778 12
140 164 102 46 5.99778 12
140 172 102 54 5.99778 12
140 180 102 62 5.99778 12
140 188 86 70 5.99778 12
140 196 86 78 5.99778 12
140 204 86 86 5.99778 12
140 212 86 94 5.99778 12
140 220 86 102 5.99778 12
140 228 86 110 5.99778 12
140 236 86 118 5.99778 12
140 244 86 126 5.99778 12
140 252 86 190 5.99756 33
140 260 86 206 5.99741 2
140 268 86 214 5.99741 2
140 276 86 222 5.99741 2
140 284 78 230 5.99745 0
140 292 78 238 5.99745 0
140 300 78 246 5.99745 0
140 308 78 254 5.99745 0
140 316 78 262 5.99745 0
140 324 78 270 5.99745 0
140 332 78 278 5.99745 0
140 340 78 286 5.99745 0
140 372 102 358 5.99345 12
36 204 30 118 5.99778 12
36 236 22 134 5.99778 12
36 76 70 14 5.98072 318
148 132 110 14 5.99778 12
148 140 110 22 5.99778 12
148 148 110 30 5.99778 12
148 156 110 38 5.99778 12
148 164 110 46 5.99778 12
148 172 110 54 5.99778 12
148 180 110 62 5.99778 12
148 188 94 70 5.99778 12
148 196 94 78 5.99778 12
148 204 94 86 5.99778 12
148 212 94 94 5.99778 12
148 220 94 102 5.99778 12
148 228 94 110 5.99778 12
148 236 94 118 5.99778 12
148 244 94 126 5.99778 12
148 252 94 190 5.99756 33
148 260 94 206 5.99741 2
148 268 94 214 5.99741 2
148 276 94 222 5.99741 2
148 284 86 230 5.99745 0
148 292 86 238 5.99745 0
148 300 86 246 5.99745 0
148 308 86 254 5.99745 0
148 316 86 262 5.99745 0
148 324 86 270 5.99745 0
148 332 86 278 5.99745 0
148 340 86 286 5.99745 0
148 372 110 358 5.99345 12
148 124 110 6 5.99778 12
156 180 118 134 5.99547 93
156 204 110 214 5.99641 135
156 212 110 222 5.99641 135
156 220 102 198 5.99677 0
156 228 102 206 5.99677 0
156 244 154 284 5.99412 136
156 252 112 244 5.99723 0
156 260 110 250 5.99724 0
156 268 102 254 5.99725 0
156 276 102 262 5.99725 0
156 284 94 230 5.99745 0
156 292 94 238 5.99745 0
156 300 94 246 5.99745 0
156 308 94 254 5.99745 0
156 316 94 262 5.99745 0
156 324 94 270 5.99745 0
156 332 94 278 5.99745 0
156 340 94 286 5.99745 0
156 388 118 376 5.98911 282
164 180 130 138 5.99531 93
164 244 134 244 5.76975 1026
164 252 134 252 5.80287 1022
172 172 160 152 5.44362 3999
172 188 138 184 5.17206 1764
172 244 144 244 5.54977 1336
172 252 146 252 5.67235 1126
172 260 146 260 5.80592 983
172 268 142 268 5.9112 593
172 276 142 276 5.9697 451
44 188 38 102 5.99778 12
44 212 38 126 5.99778 12
44 236 30 134 5.99778 12
44 244 30 142 5.99778 12
180 148 150 162 5.61365 1645
180 236 152 232 5.22161 2627
180 252 158 254 5.41385 1685
180 276 152 276 5.92028 635
188 148 156 162 5.55687 1645
188 164 156 170 5.14908 2227
188 172 156 176 5.17011 2227
188 180 170 162 5.02744 3141
188 204 150 192 4.84698 2682
188 220 166 202 4.75999 2728
188 228 162 226 5.00016 2225
188 252 166 254 5.26351 1728
188 260 166 260 5.56889 1355
188 268 166 266 5.65986 1328
188 284 162 284 5.8482 3611
12 316 14 324 5.98791 149
12 124 48 50 5.97233 350
196 132 168 150 5.27828 1866
196 148 162 164 5.2464 1866
196 164 170 178 4.98256 2744
196 172 170 186 4.9163 2744
196 196 170 200 4.78998 3512
196 220 166 214 4.76326 3532
196 228 178 208 4.78729 2728
196 236 170 242 4.76637 3579
196 252 172 256 5.02424 1815
196 260 176 260 5.18461 1660
196 268 176 270 5.64227 1328
196 276 178 274 5.62977 1328
196 284 172 286 5.72423 4058
204 132 178 152 5.11751 2598
204 140 178 138 5.00986 2021
204 204 170 192 4.71553 4989
204 212 182 198 4.66801 4288
204 220 184 202 4.56629 4288
204 244 174 254 4.90578 2503
204 252 196 246 4.9146 2508
204 260 186 258 5.08877 1736
204 268 184 270 5.4477 1652
204 116 278 128 5.27678 31623
204 124 170 124 5.14067 2021
52 132 14 14 5.99778 12
52 140 14 22 5.99778 12
52 148 14 30 5.99778 12
52 156 14 38 5.99778 12
52 164 14 46 5.99778 12
52 172 14 54 5.99778 12
52 180 14 62 5.99778 12
52 188 46 102 5.99778 12
52 196 46 110 5.99778 12
52 204 46 118 5.99778 12
52 212 46 126 5.99778 12
52 236 38 134 5.99778 12
52 244 38 142 5.99778 12
52 316 14 390 5.99706 89
52 28 34 54 5.98366 837
52 124 14 6 5.99778 12
212 132 190 132 5.0752 3097
212 140 186 142 4.99048 2349
212 164 196 170 4.78769 6731
212 172 196 178 4.67783 6731
212 252 202 258 5.01664 2508
212 276 192 276 5.51016 1401
212 284 194 284 5.50541 1401
212 292 190 294 5.69896 7068
212 300 188 300 5.76955 1652
212 108 398 398 5.79171 9867
220 132 198 132 5.14706 2760
220 140 198 140 5.06326 3748
220 148 198 146 4.85431 3399
220 156 202 162 4.8107 4996
220 188 202 178 4.60741 4873
220 204 210 206 4.29238 5739
220 244 206 250 4.79192 3112
220 252 208 258 4.98301 2508
220 260 206 264 5.00022 2538
220 276 206 274 5.35672 1574
220 284 206 282 5.41518 1574
220 292 198 294 5.5091 6865
220 308 200 308 5.81764 1574
220 108 254 112 5.44708 8482
220 124 198 124 5.12506 2760
228 132 206 132 5.10558 2760
228 140 208 138 5.01286 3748
228 148 210 154 4.78181 4996
228 156 210 160 4.73011 4996
228 204 238 204 4.40979 9202
228 212 238 214 4.61661 7555
228 220 238 220 4.65598 7555
228 228 238 228 4.61173 13382
228 268 214 270 5.29718 1845
228 276 216 278 5.36212 1698
228 284 216 284 5.38275 8064
228 292 216 292 5.38041 8064
228 300 210 300 5.52932 7912
228 116 202 118 5.0292 13559
228 124 208 124 5.09268 2760
236 156 216 158 4.72252 5343
236 164 226 174 4.40212 7658
236 188 226 180 4.46445 6677
236 204 250 206 4.48283 9202
236 212 248 212 4.62284 7555
236 220 248 220 4.62581 7555
236 228 246 228 4.62587 13382
236 236 240 238 4.56997 10651
236 244 240 246 4.58463 8657
236 252 226 256 4.78664 4716
236 260 218 260 4.94693 2680
236 276 226 278 5.23868 1786
236 284 224 284 5.34851 1786
236 308 222 310 5.42208 8509
236 108 216 108 5.39545 10379
60 36 34 82 5.96626 810
60 188 46 88 5.99778 12
60 332 60 340 5.9955 39
60 340 30 330 5.98757 2
60 28 44 58 5.98229 837
244 132 226 132 4.96496 2725
244 156 242 152 4.58155 6435
244 164 266 162 4.49031 13989
244 172 266 170 4.45029 13989
244 220 258 220 4.56807 7555
244 228 254 228 4.543 7555
244 244 248 246 4.59653 8657
244 260 230 264 4.9354 3675
244 268 234 266 5.05232 2789
244 276 234 278 5.16884 2404
244 284 232 284 5.25443 2404
244 292 232 292 5.10345 2440
244 300 238 300 5.08946 15910
244 308 234 310 5.31408 10183
244 124 226 126 4.99876 2364
252 156 250 154 4.57202 6435
252 164 274 162 4.50247 13989
252 172 272 172 4.48403 13989
252 180 276 180 4.30406 15036
252 188 266 188 4.27936 13989
252 204 262 206 4.27892 9202
252 212 262 212 4.54584 7555
252 228 260 228 4.54014 7555
252 236 262 236 4.43326 11790
252 244 262 244 4.5706 11790
252 252 242 254 4.81954 4685
252 260 240 262 4.79916 3978
252 268 246 268 5.14609 2968
252 276 240 276 5.30199 2614
252 284 242 284 5.24096 2614
252 292 240 292 5.21437 18395
252 300 246 296 5.24058 2614
252 308 242 308 5.32644 17392
252 316 240 318 5.34631 13245
252 324 238 324 5.57702 3978
252 116 226 116 4.99823 13559
4 300 0 304 5.99678 126
260 164 282 164 4.57661 15332
260 172 282 172 4.56899 15332
260 180 282 180 4.4347 19598
260 204 270 206 4.18439 9020
260 244 264 238 4.54679 8657
260 268 254 266 5.09256 2968
260 276 248 276 5.30244 2614
260 284 248 284 5.25167 2614
260 308 250 308 5.49982 17651
260 316 248 316 5.52013 20799
260 108 162 108 5.29284 26944
260 116 234 122 4.82449 3135
268 188 286 188 4.33753 15036
268 196 282 196 4.23687 19739
268 204 280 204 4.25029 19739
268 212 274 210 4.28313 14168
268 220 270 220 4.48085 25049
268 228 270 226 4.46633 25049
268 236 276 242 4.48862 11790
268 252 272 250 4.52185 9826
268 260 270 256 4.53962 9826
268 276 264 276 5.33029 2614
268 284 262 284 5.32801 2614
268 108 170 108 5.28336 26944
68 188 50 86 5.99778 12
68 196 50 94 5.99778 12
68 236 46 134 5.99778 12
68 244 46 142 5.99778 12
68 332 66 338 5.99565 39
68 340 38 330 5.99071 0
68 356 30 342 5.99417 72
276 132 252 130 4.45864 7566
276 164 294 164 4.5455 15036
276 172 294 172 4.56718 15036
276 180 294 180 4.54872 15332
276 188 294 188 4.5203 15332
276 212 280 210 4.33544 14168
276 220 278 220 4.48871 27757
276 228 276 228 4.4622 27757
276 244 274 238 4.47024 19531
276 268 274 270 4.9241 3651
276 276 274 276 5.27483 2614
276 284 270 284 5.33938 2614
276 92 178 92 5.6683 20115
276 100 178 100 5.59248 20931
284 140 256 138 4.24713 12874
284 164 300 164 4.43141 15332
284 172 300 170 4.55361 15332
284 180 300 178 4.5656 15332
284 188 298 190 4.5212 15332
284 196 294 194 4.35857 19598
284 204 288 202 4.3181 19739
284 220 284 220 4.53115 25049
284 228 284 228 4.56932 25049
284 236 282 234 4.46944 23792
284 284 272 284 5.08251 3115
284 100 188 100 5.61374 21181
284 124 260 124 4.68303 4974
292 172 306 178 4.25076 20863
292 220 290 218 4.5657 27757
292 228 290 228 4.57965 27757
292 236 288 234 4.58461 23831
292 244 286 244 4.70842 17686
292 252 286 252 4.77346 12720
292 260 284 260 4.87656 13467
292 268 284 268 4.93809 8637
292 276 282 274 4.95885 4686
292 284 290 280 4.98708 4423
292 292 288 292 5.17435 4423
292 300 288 302 5.24069 29446
300 220 296 220 4.58105 27757
300 228 296 228 4.59006 27757
300 244 294 244 4.66639 17686
300 252 290 252 4.69238 12720
300 260 290 260 4.89381 13467
300 292 296 290 5.18481 4423
300 300 296 302 5.19405 26898
76 132 22 14 5.99778 12
76 140 22 22 5.99778 12
76 148 22 30 5.99778 12
76 156 22 38 5.99778 12
76 164 22 46 5.99778 12
76 172 22 54 5.99778 12
76 180 22 62 5.99778 12
76 12 86 2 5.97349 566
76 204 54 102 5.99778 12
76 212 54 110 5.99778 12
76 220 54 118 5.99778 12
76 228 54 126 5.99778 12
76 236 54 134 5.99778 12
76 244 54 142 5.99778 12
76 316 22 382 5.99706 89
76 340 42 328 5.99658 22
76 124 22 6 5.99778 12
308 196 302 194 4.22695 30042
308 204 302 202 4.17956 25842
308 220 298 214 4.38376 32564
308 236 298 236 4.47091 23831
308 244 302 244 4.40886 21478
308 260 296 260 4.90284 10814
308 268 312 270 4.92358 6580
308 276 302 278 5.16899 4662
308 284 306 286 5.2424 4662
308 292 304 292 5.203 4662
308 308 302 308 5.50966 28541
316 196 308 194 4.42533 31415
316 204 306 206 4.42105 31415
316 212 308 212 4.48673 25174
316 220 308 218 4.44961 25174
316 236 312 234 4.5966 25309
316 244 304 244 4.61646 17686
316 252 302 252 4.76992 12720
316 260 304 262 4.84688 11002
316 268 310 268 4.99163 7579
316 276 314 276 5.2265 4662
316 284 314 284 5.2313 4662
316 300 310 302 5.16641 29446
316 108 280 122 5.22512 53503
20 92 18 82 5.98004 438
20 124 64 38 5.97264 119
324 188 310 190 4.2436 34137
324 196 314 196 4.41767 31415
324 204 318 202 4.36775 31415
324 212 316 212 4.46898 22876
324 220 314 220 4.51869 22876
324 252 310 254 4.55956 18417
324 4 266 6 5.61637 29691
324 260 316 260 4.86916 10814
324 268 320 266 5.03147 7579
324 276 320 274 5.21685 4867
324 292 318 292 5.27161 4662
324 300 314 300 5.3659 35471
324 116 234 114 4.98061 47480
332 140 310 140 4.75543 40892
332 180 322 180 4.39913 31274
332 188 326 188 4.38973 31274
332 12 274 14 5.6139 30563
332 196 324 198 4.39356 31415
332 204 322 202 4.37901 31415
332 212 326 212 4.4798 22876
332 220 322 220 4.49442 22876
332 260 322 260 4.85536 11002
332 284 324 284 5.18425 4867
332 292 324 292 5.30283 4867
84 132 30 14 5.99778 12
84 140 30 22 5.99778 12
84 148 30 30 5.99778 12
84 156 30 38 5.99778 12
84 164 30 46 5.99778 12
84 172 30 54 5.99778 12
84 180 30 62 5.99778 12
84 188 62 86 5.99778 12
84 196 62 94 5.99778 12
84 204 62 102 5.99778 12
84 212 62 110 5.99778 12
84 220 62 118 5.99778 12
84 228 62 126 5.99778 12
84 236 62 134 5.99778 12
84 244 62 142 5.99778 12
84 316 30 382 5.99706 89
84 364 32 342 5.99386 78
84 124 30 6 5.99778 12
340 188 332 188 4.38653 31274
340 12 282 14 5.61943 21731
340 196 330 196 4.3342 31415
340 204 330 204 4.40505 31415
340 212 334 212 4.41953 25174
340 220 332 220 4.45522 25174
340 260 332 260 4.75443 13467
340 268 334 266 4.94553 7579
340 276 334 274 5.14004 4867
340 284 332 282 5.16973 4867
340 20 214 310 5.67335 6364
348 204 338 204 4.38874 30501
348 212 340 212 4.38317 30501
348 268 340 268 4.67996 13467
348 276 340 274 5.03051 5318
348 284 340 284 5.13022 5318
348 20 286 20 5.62147 21731
356 12 294 12 5.62609 21731
356 20 294 20 5.61884 21731
356 28 290 26 5.61932 21731
364 20 302 20 5.62165 21731
364 28 298 26 5.61968 21731
92 132 80 34 5.99778 12
92 140 74 42 5.99778 12
92 172 66 56 5.99778 12
92 180 62 62 5.99778 12
92 348 38 324 5.99661 18
92 356 60 346 5.99022 8
92 124 82 28 5.99778 12
372 36 322 44 5.61799 21731
372 116 288 116 5.48863 15913
372 124 288 124 5.48297 15913
380 36 330 44 5.61851 21731
380 124 296 124 5.4612 15913
388 36 338 44 5.61634 21731
388 44 334 50 5.61627 21731
396 44 342 50 5.61509 21731
396 388 138 108 5.74891 6377
396 396 132 152 5.68233 8756
100 140 78 38 5.99778 12
100 172 70 54 5.99778 12
100 188 54 78 5.99778 12
100 316 38 262 5.99745 0
100 324 38 270 5.99745 0
100 332 38 278 5.99745 0
100 340 38 286 5.99745 0
100 348 46 322 5.99661 18
100 372 84 372 5.99006 83
100 380 82 378 5.99071 83
108 148 86 46 5.99778 12
108 172 78 54 5.99778 12
108 180 78 62 5.99778 12
108 188 58 70 5.99778 12
108 316 46 262 5.99745 0
108 324 46 270 5.99745 0
108 332 46 278 5.99745 0
108 340 46 286 5.99745 0
108 124 86 22 5.99778 12
28 132 0 14 5.99778 12
28 140 0 22 5.99778 12
28 148 0 30 5.99778 12
28 156 0 38 5.99778 12
28 164 0 46 5.99778 12
28 172 0 54 5.99778 12
28 180 0 62 5.99778 12
28 188 34 108 5.99778 12
28 196 32 114 5.99778 12
28 204 26 122 5.99778 12
28 236 18 136 5.99778 12
28 244 14 142 5.99778 12
28 316 0 398 5.99706 89
28 324 6 318 5.98981 42
28 84 26 74 5.98004 438
28 92 28 84 5.97918 438
28 108 16 118 5.97445 8
28 124 0 6 5.99778 12
116 132 94 30 5.99778 12
116 140 94 38 5.99778 12
116 148 94 46 5.99778 12
116 172 86 54 5.99778 12
116 180 86 62 5.99778 12
116 196 62 78 5.99778 12
116 316 54 262 5.99745 0
116 324 54 270 5.99745 0
116 332 54 278 5.99745 0
116 340 54 286 5.99745 0
116 372 106 376 5.98545 92
116 380 62 358 5.98834 54
116 388 94 382 5.98996 62
116 124 94 22 5.99778 12
124 188 70 70 5.99778 12
124 196 70 78 5.99778 12
124 204 70 86 5.99778 12
124 212 70 94 5.99778 12
124 220 70 102 5.99778 12
124 228 70 110 5.99778 12
124 236 70 118 5.99778 12
124 244 70 126 5.99778 12
124 252 70 190 5.99756 33
124 260 70 206 5.99741 2
124 268 70 214 5.99741 2
124 276 70 222 5.99741 2
124 316 62 262 5.99745 0
124 324 62 270 5.99745 0
124 332 62 278 5.99745 0
124 340 62 286 5.99745 0
124 372 94 364 5.98904 12
124 124 94 8 5.99778 12
