132 36 70 262 5.99936 0
132 44 70 270 5.99936 0
132 12 70 238 5.99936 0
132 52 70 278 5.99936 0
132 236 398 158 5.99936 1386
132 60 70 286 5.99936 0
132 244 394 30 5.99936 1590
132 4 70 230 5.99936 0
132 68 86 294 5.99936 0
132 76 86 302 5.99936 0
132 20 70 246 5.99936 0
132 84 86 310 5.99936 0
132 92 86 318 5.99936 0
132 28 70 254 5.99936 0
140 36 78 262 5.99936 0
140 44 78 270 5.99936 0
140 12 78 238 5.99936 0
140 52 78 278 5.99936 0
140 220 156 166 5.96007 2513
140 236 168 280 5.95123 2749
140 60 78 286 5.99936 0
140 4 78 230 5.99936 0
140 68 94 294 5.99936 0
140 76 94 302 5.99936 0
140 20 78 246 5.99936 0
140 84 94 310 5.99936 0
140 92 94 318 5.99936 0
140 100 94 326 5.99936 0
140 108 94 334 5.99936 0
140 28 78 254 5.99936 0
140 116 94 342 5.99936 0
140 124 94 350 5.99936 0
148 36 86 262 5.99936 0
148 44 86 270 5.99936 0
148 12 86 238 5.99936 0
148 52 86 278 5.99936 0
148 220 188 136 5.72256 3935
148 236 178 286 5.6849 4026
148 60 86 286 5.99936 0
148 4 86 230 5.99936 0
148 20 86 246 5.99936 0
148 100 102 326 5.99936 0
148 108 102 334 5.99936 0
148 28 86 254 5.99936 0
148 116 102 342 5.99936 0
148 124 102 350 5.99936 0
156 36 94 262 5.99936 0
156 44 94 270 5.99936 0
156 12 94 238 5.99936 0
156 204 136 232 5.8546 3440
156 52 94 278 5.99936 0
156 60 94 286 5.99936 0
156 244 170 274 5.73783 4458
156 4 94 230 5.99936 0
156 20 94 246 5.99936 0
156 100 110 326 5.99936 0
156 108 110 334 5.99936 0
156 28 94 254 5.99936 0
156 116 110 342 5.99936 0
156 124 110 350 5.99936 0
164 36 102 294 5.99936 0
164 164 164 156 5.98168 2425
164 172 134 200 5.94652 2894
164 44 102 302 5.99936 0
164 180 140 218 5.85115 3726
164 12 102 270 5.99936 0
164 204 154 210 5.47447 6985
164 52 102 310 5.99936 0
164 60 102 318 5.99936 0
164 252 178 278 5.59347 5716
164 4 102 262 5.99936 0
164 268 146 268 5.9011 3174
164 68 118 326 5.99936 0
164 76 118 334 5.99936 0
164 20 102 278 5.99936 0
164 84 118 342 5.99936 0
164 92 118 350 5.99936 0
164 100 126 358 5.99936 0
164 108 126 366 5.99936 0
164 28 102 286 5.99936 0
164 116 134 374 5.99936 0
164 124 138 382 5.99936 0
172 36 110 294 5.99936 0
172 164 162 164 5.94707 2900
172 172 176 148 5.79747 4295
172 44 110 302 5.99936 0
172 12 110 270 5.99936 0
172 196 160 192 5.61016 5870
172 204 158 206 5.4966 6985
172 52 110 310 5.99936 0
172 220 178 222 5.11378 15938
172 228 178 226 5.14922 15938
172 236 176 236 5.16937 15938
172 60 110 318 5.99936 0
172 244 174 244 5.19765 15938
172 252 170 252 5.10668 11739
172 4 110 262 5.99936 0
172 260 158 258 5.45287 6476
172 268 156 268 5.71846 4730
172 68 126 326 5.99936 0
172 76 126 334 5.99936 0
172 20 110 278 5.99936 0
172 84 126 342 5.99936 0
172 92 126 350 5.99936 0
172 100 134 358 5.99936 0
172 108 134 366 5.99936 0
172 28 110 286 5.99936 0
172 116 142 374 5.99936 0
44 164 46 86 5.99936 21
44 204 46 126 5.99936 21
44 212 46 134 5.99936 21
44 220 46 142 5.99936 21
180 36 118 294 5.99936 0
180 156 136 194 5.94734 2890
180 164 168 164 5.87119 3762
180 172 168 174 5.64447 5792
180 44 118 302 5.99936 0
180 180 170 182 5.41314 6876
180 188 170 194 5.41986 6876
180 12 118 270 5.99936 0
180 52 118 310 5.99936 0
180 220 184 220 5.15188 13601
180 228 190 228 5.10045 19704
180 236 186 234 5.04584 13601
180 60 118 318 5.99936 0
180 4 118 262 5.99936 0
180 260 162 254 5.35798 8459
180 68 134 326 5.99936 0
180 76 134 334 5.99936 0
180 20 118 278 5.99936 0
180 84 134 342 5.99936 0
180 92 134 350 5.99936 0
180 100 142 358 5.99936 0
180 108 142 366 5.99936 0
180 28 118 286 5.99936 0
188 132 398 398 5.99936 452
188 36 126 294 5.99936 0
188 164 176 164 5.56247 6073
188 44 126 302 5.99936 0
188 180 186 176 5.28899 7947
188 188 198 188 5.3425 11659
188 12 126 270 5.99936 0
188 196 198 196 5.3622 11659
188 204 198 204 5.32149 12963
188 52 126 310 5.99936 0
188 212 196 212 5.14989 13882
188 220 196 220 5.13979 19704
188 228 196 228 5.09609 19704
188 236 198 236 5.1222 24905
188 60 126 318 5.99936 0
188 244 198 246 5.17345 19892
188 4 126 262 5.99936 0
188 260 188 260 5.35918 10633
188 268 190 270 5.38433 7910
188 68 142 326 5.99936 0
188 284 142 244 5.50468 19427
188 292 188 294 5.77377 20169
188 76 142 334 5.99936 0
188 20 126 278 5.99936 0
188 84 142 342 5.99936 0
188 92 142 350 5.99936 0
188 100 150 358 5.99936 0
188 108 150 366 5.99936 0
188 28 126 286 5.99936 0
188 116 150 374 5.99936 0
188 124 150 382 5.99936 0
12 164 38 102 5.99936 21
12 188 38 118 5.99936 21
12 220 26 142 5.99936 21
196 132 184 132 5.90931 2875
196 148 160 178 5.58081 5173
196 164 184 164 5.41836 7416
196 172 182 174 5.282 8632
196 44 134 302 5.99936 0
196 180 204 180 5.25993 12963
196 188 206 188 5.29307 12963
196 12 134 282 5.99936 0
196 196 206 196 5.32103 12963
196 204 206 204 5.30081 12963
196 52 134 310 5.99936 0
196 212 204 212 5.18609 13882
196 220 202 220 5.04758 13781
196 228 202 226 5.04081 31435
196 236 206 236 5.16163 24365
196 60 134 318 5.99936 0
196 244 206 244 5.16781 14505
196 4 134 274 5.99936 0
196 260 196 260 5.34408 10633
196 268 198 270 5.44863 9292
196 68 150 326 5.99936 0
196 276 194 276 5.45945 6640
196 284 198 284 5.42495 32798
196 292 198 292 5.76218 23445
196 300 198 300 5.784 24708
196 76 150 334 5.99936 0
196 84 150 342 5.99936 0
196 92 150 350 5.99936 0
196 28 134 294 5.99936 0
196 116 158 386 5.99936 0
196 124 160 398 5.99936 0
204 140 194 140 5.64777 4791
204 148 192 146 5.46188 6619
204 164 196 166 5.28213 9075
204 172 210 172 5.19364 11659
204 44 142 302 5.99936 0
204 180 210 180 5.29989 12963
204 188 214 188 5.25377 12963
204 12 142 282 5.99936 0
204 196 216 196 5.35166 12963
204 204 216 204 5.34835 12963
204 52 142 310 5.99936 0
204 212 214 210 5.16718 13882
204 220 212 220 5.02902 13781
204 228 210 226 5.00617 31435
204 236 212 238 5.17971 24365
204 60 142 318 5.99936 0
204 244 212 242 5.20719 17478
204 252 214 252 5.29659 13259
204 4 142 278 5.99936 0
204 260 210 260 5.33891 11031
204 268 206 266 5.45734 8976
204 68 158 326 5.99936 0
204 276 208 274 5.41114 7537
204 284 206 284 5.48875 32798
204 292 206 292 5.64254 7708
204 76 158 334 5.99936 0
204 84 158 342 5.99936 0
204 92 158 350 5.99936 0
204 100 158 366 5.99936 0
204 108 158 374 5.99936 0
204 28 142 294 5.99936 0
204 116 166 386 5.99936 0
52 36 22 230 5.99936 0
52 164 54 86 5.99936 21
52 172 54 94 5.99936 21
52 44 22 238 5.99936 0
52 180 54 102 5.99936 21
52 188 54 110 5.99936 21
52 12 22 206 5.99936 0
52 196 54 118 5.99936 21
52 204 54 126 5.99936 21
52 52 22 246 5.99936 0
52 212 54 134 5.99936 21
52 220 54 142 5.99936 21
52 60 22 254 5.99936 0
52 4 22 198 5.99936 0
52 68 22 262 5.99936 0
52 76 22 270 5.99936 0
52 20 22 214 5.99936 0
52 84 22 278 5.99936 0
52 92 22 286 5.99936 0
52 100 22 294 5.99936 0
52 108 22 302 5.99936 0
52 28 22 222 5.99936 0
52 116 22 310 5.99936 0
52 124 22 318 5.99936 0
212 132 198 132 5.91218 3530
212 140 204 140 5.74338 4791
212 148 204 148 5.63156 6619
212 156 206 154 5.36704 7826
212 172 220 172 5.16157 11991
212 44 150 302 5.99936 0
212 180 222 178 5.16286 11991
212 188 226 188 5.17786 18038
212 196 224 196 5.16661 18038
212 204 226 204 5.21067 14131
212 52 150 310 5.99936 0
212 212 226 212 5.19942 14131
212 220 218 222 5.1005 20160
212 228 218 228 5.14369 22849
212 236 220 236 5.21042 24365
212 60 150 318 5.99936 0
212 244 218 244 5.26933 18046
212 252 220 252 5.34946 13737
212 4 150 280 5.99936 0
212 260 222 260 5.40897 11042
212 268 224 266 5.48104 8999
212 68 166 326 5.99936 0
212 276 224 278 5.50551 7775
212 76 166 334 5.99936 0
212 84 166 342 5.99936 0
212 92 166 350 5.99936 0
212 100 166 366 5.99936 0
212 108 166 374 5.99936 0
212 28 150 294 5.99936 0
220 132 210 132 5.94637 3588
220 140 212 140 5.76799 5731
220 148 212 148 5.6488 6619
220 156 214 156 5.39588 7826
220 164 216 158 5.14781 9075
220 172 228 172 5.21624 11991
220 44 158 302 5.99936 0
220 180 228 178 5.12183 11991
220 188 232 186 5.09127 13414
220 196 232 196 5.1067 13414
220 204 232 204 5.19403 14131
220 52 158 310 5.99936 0
220 212 234 212 5.18829 14131
220 220 230 220 5.14185 18038
220 228 228 228 5.14997 18038
220 236 228 236 5.22501 24365
220 60 158 318 5.99936 0
220 244 228 244 5.27625 18046
220 252 228 252 5.33575 13737
220 4 158 280 5.99936 0
220 260 230 260 5.48512 10633
220 268 234 268 5.64025 9041
220 68 174 326 5.99936 0
220 276 232 276 5.76026 7288
220 284 232 284 5.76789 7288
220 76 174 334 5.99936 0
220 84 174 342 5.99936 0
220 92 174 350 5.99936 0
220 100 174 366 5.99936 0
220 108 174 374 5.99936 0
220 28 158 294 5.99936 0
220 116 174 386 5.99936 0
220 124 174 398 5.99936 0
228 132 218 132 5.9489 3588
228 140 218 140 5.76264 5731
228 156 234 156 5.09749 11130
228 180 234 178 5.109 18038
228 220 238 220 5.17944 20160
228 228 238 228 5.18909 20160
228 236 234 236 5.17977 22864
228 244 234 244 5.26322 17478
228 252 236 252 5.29572 13259
228 260 238 260 5.48912 10633
228 268 242 268 5.6819 9292
228 276 242 276 5.75169 7288
228 284 240 284 5.76356 7288
228 292 240 292 5.78542 7288
228 116 190 386 5.99936 7
228 124 190 394 5.99936 7
236 140 230 142 5.32413 6686
236 156 242 156 5.17282 12501
236 172 238 172 5.07214 13645
236 196 244 196 5.04449 14468
236 204 244 204 5.14466 20160
236 212 244 212 5.15004 22849
236 220 246 220 5.16947 20160
236 228 248 228 5.19865 20160
236 236 248 234 5.1616 23117
236 244 242 244 5.18802 18046
236 252 250 254 5.30731 13809
236 260 250 260 5.52893 10633
236 268 250 268 5.67223 9292
236 276 250 276 5.7458 7288
236 284 250 284 5.75053 7288
60 36 30 230 5.99936 0
60 164 62 86 5.99936 21
60 172 62 94 5.99936 21
60 44 30 238 5.99936 0
60 180 62 102 5.99936 21
60 188 62 110 5.99936 21
60 12 30 206 5.99936 0
60 196 62 118 5.99936 21
60 204 62 126 5.99936 21
60 52 30 246 5.99936 0
60 212 62 134 5.99936 21
60 220 62 142 5.99936 21
60 60 30 254 5.99936 0
60 4 30 198 5.99936 0
60 68 30 262 5.99936 0
60 76 30 270 5.99936 0
60 20 30 214 5.99936 0
60 84 30 278 5.99936 0
60 92 30 286 5.99936 0
60 100 30 294 5.99936 0
60 108 30 302 5.99936 0
60 28 30 222 5.99936 0
60 116 30 310 5.99936 0
60 124 30 318 5.99936 0
244 164 244 164 4.99201 14716
244 172 246 172 5.02691 20027
244 180 246 178 4.99617 20027
244 204 254 204 5.09244 23014
244 212 254 212 5.08621 23117
244 220 254 220 5.13481 23014
244 228 256 228 5.16266 23117
244 236 256 234 5.10519 23117
244 252 258 252 5.41704 13737
244 260 262 260 5.54067 10633
244 268 260 268 5.65669 9041
244 276 258 276 5.75152 7288
244 284 258 284 5.76357 7288
252 148 254 144 5.28002 9853
252 156 254 156 5.03042 11130
252 196 266 196 5.14496 41884
252 204 266 204 5.05076 41884
252 212 268 210 5.04144 41884
252 220 266 220 5.05994 34520
252 228 264 228 5.05427 34520
252 252 268 252 5.40671 13737
252 260 270 260 5.36842 13737
252 268 270 268 5.66536 9292
252 276 270 276 5.67668 7708
4 36 0 230 5.99936 0
4 164 34 106 5.99936 21
4 44 0 238 5.99936 0
4 188 30 118 5.99936 21
4 12 0 206 5.99936 0
4 196 26 124 5.99936 21
4 204 24 130 5.99936 21
4 52 0 246 5.99936 0
4 212 22 134 5.99936 21
4 220 18 142 5.99936 21
4 60 0 254 5.99936 0
4 4 0 198 5.99936 0
4 68 0 262 5.99936 0
4 76 0 270 5.99936 0
4 20 0 214 5.99936 0
4 84 0 278 5.99936 0
4 92 0 286 5.99936 0
4 100 0 294 5.99936 0
4 108 0 302 5.99936 0
4 28 0 222 5.99936 0
4 116 0 310 5.99936 0
4 124 0 318 5.99936 0
260 188 270 186 5.12458 41884
260 204 274 202 5.12795 41624
260 212 274 212 5.0629 41884
260 220 276 220 5.04861 41624
260 252 276 252 4.92416 17688
260 260 278 260 5.27744 12889
260 276 284 256 5.26385 9016
268 132 226 132 5.5363 7530
268 156 250 164 5.11377 24723
268 204 284 204 5.21338 31013
68 36 38 230 5.99936 0
68 44 38 238 5.99936 0
68 12 38 206 5.99936 0
68 52 38 246 5.99936 0
68 60 38 254 5.99936 0
68 4 38 198 5.99936 0
68 68 38 262 5.99936 0
68 76 38 270 5.99936 0
68 20 38 214 5.99936 0
68 84 38 278 5.99936 0
68 92 38 286 5.99936 0
68 100 38 294 5.99936 0
68 108 38 302 5.99936 0
68 28 38 222 5.99936 0
68 116 38 310 5.99936 0
68 124 38 318 5.99936 0
276 132 238 132 5.58632 7414
276 244 262 240 5.25089 22780
284 140 250 140 5.5072 12972
284 244 270 242 5.19963 22780
284 284 270 284 5.85232 10902
284 124 250 124 5.75501 4607
292 140 262 140 5.49178 14319
292 228 278 230 5.5292 35357
292 244 278 242 5.35408 45722
292 252 280 250 5.22802 42778
292 268 282 270 5.6123 14654
292 276 282 276 5.83972 10655
292 124 262 124 5.84707 4525
300 140 272 138 5.40791 14319
300 220 286 220 5.44574 45989
300 228 286 228 5.50286 35357
300 236 286 236 5.4745 35357
300 244 290 244 5.35238 38638
300 252 290 252 5.32902 38638
300 260 290 260 5.54516 24344
300 268 292 268 5.65278 14654
300 276 292 276 5.81448 10655
300 116 156 392 5.96646 5039
300 124 270 124 5.90226 4681
76 36 46 230 5.99936 0
76 44 46 238 5.99936 0
76 12 46 206 5.99936 0
76 52 46 246 5.99936 0
76 60 46 254 5.99936 0
76 4 46 198 5.99936 0
76 68 46 262 5.99936 0
76 76 46 270 5.99936 0
76 20 46 214 5.99936 0
76 84 46 278 5.99936 0
76 92 46 286 5.99936 0
76 100 46 294 5.99936 0
76 108 46 302 5.99936 0
76 28 46 222 5.99936 0
76 116 46 310 5.99936 0
76 124 46 318 5.99936 0
308 132 284 132 5.70254 7849
308 140 284 138 5.42443 12503
308 148 290 148 5.32387 25329
308 172 290 158 5.52295 35768
308 212 298 212 5.62738 36702
308 220 296 220 5.60813 36702
308 228 296 228 5.65352 36702
308 252 302 252 5.61664 35156
308 260 304 258 5.63547 35156
308 268 302 268 5.76036 19885
316 140 296 140 5.67192 16557
316 148 298 148 5.58027 33471
316 156 298 156 5.59517 40548
316 164 300 164 5.55874 46057
316 204 306 204 5.54715 44182
316 212 306 212 5.59415 36702
316 220 306 220 5.59352 36702
316 252 312 252 5.59162 35156
20 164 40 94 5.99936 21
324 140 306 140 5.74461 19357
324 212 318 212 5.67635 35917
324 252 322 252 5.70183 35401
332 172 324 172 5.59204 25875
332 180 326 180 5.52087 24526
332 188 326 188 5.56814 43240
332 196 326 196 5.58286 40537
332 204 328 204 5.64247 39089
84 36 54 230 5.99936 0
84 44 54 238 5.99936 0
84 12 54 206 5.99936 0
84 52 54 246 5.99936 0
84 60 54 254 5.99936 0
84 4 54 198 5.99936 0
84 68 54 262 5.99936 0
84 76 54 270 5.99936 0
84 20 54 214 5.99936 0
84 84 54 278 5.99936 0
84 92 54 286 5.99936 0
84 100 54 294 5.99936 0
84 108 54 302 5.99936 0
84 28 54 222 5.99936 0
84 116 54 310 5.99936 0
84 124 54 318 5.99936 0
92 36 62 230 5.99936 0
92 44 62 238 5.99936 0
92 12 62 206 5.99936 0
92 52 62 246 5.99936 0
92 60 62 254 5.99936 0
92 4 62 198 5.99936 0
92 68 62 262 5.99936 0
92 76 62 270 5.99936 0
92 20 62 214 5.99936 0
92 84 62 278 5.99936 0
92 92 62 286 5.99936 0
92 100 62 294 5.99936 0
92 108 62 302 5.99936 0
92 28 62 222 5.99936 0
92 116 62 310 5.99936 0
92 124 62 318 5.99936 0
100 180 70 86 5.99936 21
100 188 70 94 5.99936 21
100 196 70 102 5.99936 21
100 204 70 110 5.99936 21
100 212 70 118 5.99936 21
100 220 70 126 5.99936 21
100 100 62 326 5.99936 0
100 108 62 334 5.99936 0
100 116 70 342 5.99936 0
100 124 72 350 5.99936 0
108 180 78 86 5.99936 21
108 188 78 94 5.99936 21
108 196 78 102 5.99936 21
108 204 78 110 5.99936 21
108 212 78 118 5.99936 21
108 220 78 126 5.99936 21
108 100 70 326 5.99936 0
108 108 70 334 5.99936 0
108 116 78 342 5.99936 0
28 36 14 230 5.99936 0
28 172 46 102 5.99936 21
28 44 14 238 5.99936 0
28 180 46 110 5.99936 21
28 188 46 118 5.99936 21
28 12 14 206 5.99936 0
28 204 38 126 5.99936 21
28 52 14 246 5.99936 0
28 212 38 134 5.99936 21
28 220 38 142 5.99936 21
28 60 14 254 5.99936 0
28 4 14 198 5.99936 0
28 68 14 262 5.99936 0
28 76 14 270 5.99936 0
28 20 14 214 5.99936 0
28 84 14 278 5.99936 0
28 92 14 286 5.99936 0
28 100 14 294 5.99936 0
28 108 14 302 5.99936 0
28 28 14 222 5.99936 0
28 116 14 310 5.99936 0
28 124 14 318 5.99936 0
116 132 102 38 5.99936 21
116 140 102 46 5.99936 21
116 148 102 54 5.99936 21
116 156 102 62 5.99936 21
116 180 86 86 5.99936 21
116 188 86 94 5.99936 21
116 196 86 102 5.99936 21
116 204 86 110 5.99936 21
116 212 86 118 5.99936 21
116 220 86 126 5.99936 21
116 68 70 294 5.99936 0
116 76 70 302 5.99936 0
116 84 70 310 5.99936 0
116 92 70 318 5.99936 0
116 100 78 326 5.99936 0
116 108 78 334 5.99936 0
124 132 110 38 5.99936 21
124 140 110 46 5.99936 21
124 148 110 54 5.99936 21
124 156 110 62 5.99936 21
124 180 94 86 5.99936 21
124 188 94 94 5.99936 21
124 196 94 102 5.99936 21
124 204 94 110 5.99936 21
124 212 94 118 5.99936 21
124 220 94 126 5.99936 21
124 68 78 294 5.99936 0
124 76 78 302 5.99936 0
124 84 78 310 5.99936 0
124 92 78 318 5.99936 0
124 100 86 326 5.99936 0
124 108 86 334 5.99936 0
124 116 86 342 5.99936 0
124 124 86 350 5.99936 0
